Class	CF1	CF10	CF11	CF12	CF13	CF14	CF15	CF16	CF17	CF18	CF19	CF2	CF20	CF21	CF22	CF23	CF24	CF25	CF26	CF27	CF28	CF29	CF3	CF30	CF31	CF32	CF33	CF34	CF35	CF36	CF37	CF38	CF39	CF4	CF40	CF41	CF42	CF43	CF44	CF45	CF46	CF47	CF48	CF5	CF6	CF7	CF8	CF9	CL1n	CL2n	CL3n
Bacteria;?;?	0	0	0	0	2	0	9	0	8	2	1	0	4	1	4	0	1	10	1	0	2	6	0	0	2	0	0	1	0	53	0	6	13	0	12	1	1	0	0	0	0	0	0	0	0	0	0	0	0	0	0
Bacteria;Acidobacteria;Subgroup 6	0	0	0	0	0	0	0	0	0	0	0	0	0	0	3	0	0	0	1	1	0	0	0	0	0	0	1	0	0	0	0	0	0	0	0	0	0	0	0	0	0	0	0	2	0	0	0	1	1	445	0
Bacteria;Actinobacteria;Actinobacteria	21	11	16	8	73	27	11	38	17	0	10	3	18	42	20	27	3	4	7	29	27	41	7	20	32	6	7	23	11	19	62	27	36	11	51	13	14	5	11	13	14	8887	2575	38	14	14	17	14	3112	4881	4879
Bacteria;Actinobacteria;Coriobacteriia	290	2915	372	535	210	192	206	178	262	237	170	180	227	244	137	178	240	243	443	18	137	308	239	161	114	65	23	87	190	99	25	131	165	614	162	671	351	258	302	413	290	3873	578	869	206	1735	1933	387	2052	3764	3414
Bacteria;Actinobacteria;Thermoleophilia	0	0	0	0	0	0	0	0	0	0	0	0	0	0	0	0	0	0	0	0	0	0	0	0	0	0	0	0	0	0	0	0	0	0	0	0	0	0	0	0	0	0	49	0	0	0	0	0	0	0	0
Bacteria;Bacteroidetes;Bacteroidia	19972	24674	19992	17295	8927	8289	13902	14725	11582	6375	9165	15417	8045	8539	16370	8683	9542	9355	15164	1865	5543	12428	18370	5231	8069	7931	7780	7203	12910	8138	8895	8515	10398	11185	11033	30610	22097	16812	24599	34635	23980	485	177	11832	11524	14119	23518	18592	733	2107	1244
Bacteria;Chlamydiae;Chlamydiae	0	29	12	0	2	0	0	0	0	0	0	65	0	0	0	0	0	0	0	0	0	0	2	0	0	0	0	0	0	0	0	0	0	5	0	0	0	0	0	0	0	0	0	6	3	59	43	13	0	0	0
Bacteria;Cyanobacteria;Melainabacteria	55	0	277	728	41	2	25	26	3	7	5	171	1	11	8	28	10	11	12	0	2	83	55	7	0	9	0	3	28	3	64	31	57	37	32	1	2	3	0	0	53	0	0	61	3	934	6	741	4	1	0
Bacteria;Cyanobacteria;Oxyphotobacteria	2	0	0	0	0	0	0	0	0	0	0	0	0	0	0	0	0	0	0	3	0	0	0	0	0	0	0	0	1	0	0	0	0	0	0	0	0	0	0	0	0	0	222	0	0	0	1	0	0	0	0
Bacteria;Deferribacteres;Deferribacteres	7	15	9	0	9	5	10	6	3	13	6	48	5	2	10	2	2	6	0	25	3	6	3	9	3	1	17	10	24	2	7	14	4	27	14	20	46	680	110	235	471	0	0	41	2	4	11	0	2	2	2
Bacteria;Deinococcus-Thermus;Deinococci	0	0	1	2	0	0	0	0	0	1	1	2	1	0	0	0	0	0	1	2	1	0	0	0	0	0	0	0	0	0	0	0	0	0	0	0	0	0	0	0	2	712	0	0	0	1	0	1	0	0	0
Bacteria;Epsilonbacteraeota;Campylobacteria	600	16	570	404	37	2	2	4	0	1	0	1434	4	4	0	0	2	0	2	3	3	3	206	0	2	1	1	3	0	0	1	1	4	291	0	1	3	1	0	2	5	2	2	394	449	186	105	558	7	0	5
Bacteria;Firmicutes;Bacilli	101	139	126	287	929	2439	391	889	643	143	209	1126	231	166	100	2442	1027	276	2231	1285	396	1112	37	132	1005	790	743	1738	529	1068	224	472	740	67	2109	3942	2023	906	513	1648	616	11456	6652	55	231	126	274	300	7412	8486	13158
Bacteria;Firmicutes;Clostridia	4040	6270	12015	11816	9312	17244	16355	8106	20947	14017	12661	5567	10121	8228	7367	8701	10940	18670	11887	9303	5137	9422	2966	8165	4769	3940	3631	7333	12374	7629	2321	11409	8673	6010	6887	14029	15374	25048	15280	11926	17019	7403	7779	10827	3478	5448	8460	8649	14296	18645	8313
Bacteria;Firmicutes;Erysipelotrichia	2322	30	13	16	118	75	36	22	65	1328	691	251	1862	2570	4075	63	19	10	72	22	18	75	1172	100	7	25	4	28	44	35	31	178	124	108	619	6347	4667	3726	85	158	4892	11	0	89	929	185	40	9	1312	469	8
Bacteria;Firmicutes;Negativicutes	2	0	0	0	0	0	0	0	0	1	1	0	1	1	0	0	0	0	0	0	0	1	0	0	1	0	0	0	0	0	0	0	0	0	0	0	0	2	0	0	0	0	0	0	0	0	0	0	553	0	0
Bacteria;Fusobacteria;Fusobacteriia	0	0	0	0	0	0	1	0	0	0	0	0	0	0	0	0	0	0	0	0	0	0	1	0	0	0	0	0	1	0	0	0	0	0	0	0	0	0	0	0	0	523	0	0	0	0	0	0	0	0	0
Bacteria;Gemmatimonadetes;Gemmatimonadetes	0	0	0	0	0	0	0	0	0	0	0	0	0	0	0	0	0	0	0	0	0	0	0	0	0	0	0	0	0	0	0	0	0	0	0	0	0	0	0	0	0	0	124	0	0	0	0	0	0	0	0
Bacteria;Patescibacteria;Saccharimonadia	2	0	1	0	17	2	17	6	10	9	1	0	8	3	20	5	14	17	6	2	6	39	0	2	0	7	6	2	5	12	0	9	5	30	18	3	8	13	56	75	4	0	0	60	1	0	0	0	597	1	3
Bacteria;Planctomycetes;Planctomycetacia	0	0	0	0	0	0	0	0	0	1	0	0	0	1	0	0	0	0	0	0	0	0	0	0	0	0	1	0	0	0	0	0	0	0	0	0	0	0	0	0	0	0	44	0	0	0	0	0	0	196	0
Bacteria;Proteobacteria;Alphaproteobacteria	26	8	11	1	24	14	24	52	9	7	4	95	9	16	50	7	19	16	17	31	3	26	55	4	4	13	66	29	18	25	46	7	28	68	16	80	4	3	32	52	14	2671	830	52	9	269	6	1	2293	162	654
Bacteria;Proteobacteria;Deltaproteobacteria	113	134	50	166	105	128	95	48	234	167	36	106	24	37	70	91	42	266	52	3	56	41	50	66	34	19	17	44	51	39	4	49	57	160	50	333	3	679	0	1	0	0	100	329	130	85	42	15	0	0	3
Bacteria;Proteobacteria;Gammaproteobacteria	976	309	152	87	38	28	51	290	286	68	48	464	36	17	32	99	57	238	128	5296	224	90	841	11	185	6502	4691	37	218	39	315	29	115	110	3097	45	44	51	39	75	67	9061	1111	81	7347	795	202	130	6725	8416	7891
Bacteria;Synergistetes;Synergistia	0	0	0	0	0	0	0	1	0	0	0	0	0	0	0	0	0	0	0	0	0	2	0	0	0	0	0	0	0	0	1	0	0	0	0	0	0	0	0	0	0	0	0	0	0	2	0	0	849	0	0
Bacteria;Tenericutes;Mollicutes	4	0	0	0	44	36	382	91	114	37	41	41	8	15	12	23	213	204	89	3	12	21	4	11	37	232	190	53	56	105	8	156	170	44	45	33	33	6	0	0	43	456	0	33	3	2	2	1	0	1	1
Bacteria;Verrucomicrobia;Verrucomicrobiae	0	0	0	0	0	0	0	0	0	0	0	0	0	0	0	0	1	1	0	0	0	0	0	0	0	0	0	0	0	0	0	0	0	0	0	0	0	0	0	0	0	0	591	0	0	0	0	0	0	0	0