OTU	CL1n	CL2n	CL3n	CF1	CF2	CF3	CF4	CF5	CF6	CF7	CF8	CF9	CF10	CF11	CF12	CF13	CF14	CF15	CF16	CF17	CF18	CF19	CF20	CF21	CF22	CF23	CF24	CF25	CF26	CF27	CF28	CF29	CF30	CF31	CF32	CF33	CF34	CF35	CF36	CF37	CF38	CF39	CF40	CF41	CF42	CF43	CF44	CF45	CF46	CF47	CF48
OTU_1	3486	4657	295	2083	1674	871	2420	4187	1384	3467	6064	2708	4718	3216	5582	3156	5408	4353	3562	5875	5739	4076	3740	2848	1501	3748	3361	5163	4034	3466	1645	2955	2464	1122	932	2404	2424	4076	2197	499	3861	2600	2138	3367	3680	5452	2913	2047	3677	1724	759
OTU_2	9	14	11	8114	4695	8034	2372	2773	25	347	9708	1899	9495	1027	869	353	15	14	32	14	8	16	20	7	55	11	15	13	18	13	16	28	14	10	5	11	4	57	2	139	4	5	122	9157	5972	4916	5062	5278	3993	12	0
OTU_3	4589	3624	10662	72	54	17	17	8	141	30	81	106	85	34	58	12	78	89	131	197	81	89	58	35	9	76	636	208	750	64	79	89	21	227	778	681	105	505	87	112	47	190	425	10	9	5	11	20	13	5201	5324
OTU_4	4	6	7	66	498	296	34	25	745	25	8	4	10	4	4	207	539	1663	2076	1275	1054	993	959	988	3404	319	1302	365	1638	11	814	707	199	654	1746	279	651	967	1241	731	522	740	296	2	6	11	3	5	1	1	1
OTU_5	8	7	1	103	223	127	99	93	1142	151	49	332	40	259	402	779	669	921	616	1091	611	870	572	733	489	794	444	1690	725	51	417	1457	459	526	514	12	432	995	397	1774	698	777	533	944	381	429	469	1819	382	2	0
OTU_6	9	16	1	7	6	6	353	343	24	6	5	1244	6	996	1660	519	819	949	1572	1229	370	381	467	387	676	908	513	395	1606	17	547	964	446	447	708	19	324	1050	542	607	635	1143	1332	353	119	108	497	468	119	1	2
OTU_7	2969	1266	5262	21	19	10	8	20	511	35	12	11	10	11	19	17	6	10	79	110	46	6	15	7	12	44	18	61	41	5102	148	64	2	139	1549	577	23	92	24	77	15	17	2796	7	8	37	20	26	22	3883	38
OTU_8	8	92	6	10	3	7	0	9	10	8	5	2	2	4	11	98	65	19	7	38	1275	669	1235	2382	833	49	6	1	18	8	11	58	78	4	3	1	13	5	21	25	140	115	590	6061	3311	3029	34	99	3741	6	0
OTU_9	10	13	6	1658	974	1655	571	710	17	89	1907	371	1924	159	238	111	5	10	12	4	3	10	13	6	18	5	5	10	4	8	8	21	7	5	2	3	7	20	2	68	9	4	36	3137	2247	1759	1712	1753	1334	6	2
OTU_10	8	7	4	708	993	642	4	7	75	2313	2149	4	2457	8	7	439	361	552	1252	273	188	146	922	533	1763	229	251	313	1968	20	73	394	107	361	288	8	106	220	18	444	174	555	275	8	1	11	1	6	5	2	0
OTU_11	4	6	5	9	999	4	6	6	61	37	9	134	9	60	214	574	947	238	90	218	0	4	10	6	7	2132	272	39	1344	14	94	670	59	634	0	30	1503	5	568	58	31	86	247	3901	1992	888	487	1595	582	3	3
OTU_12	3	8	14	7	12	6	37	63	13	11	21	120	17	73	40	444	1730	29	576	1842	872	795	148	669	487	707	610	3728	577	68	463	260	355	314	77	16	211	1150	885	229	750	364	226	13	18	117	84	18	109	7	4
OTU_13	9	5	2	348	494	353	184	209	43	847	100	743	129	361	1114	71	52	167	199	93	51	45	86	62	230	33	85	44	100	3	45	92	56	71	32	1	50	12	89	75	53	66	202	1697	1708	847	1648	3045	2647	5	1
OTU_14	7	14	4	50	204	72	48	120	11	501	249	466	187	300	486	574	419	507	326	978	427	600	858	405	329	188	407	661	680	7	445	201	582	180	108	27	165	449	341	23	558	747	243	146	239	370	1487	128	996	5	2
OTU_15	4	8	5	235	324	154	77	62	925	846	44	1193	33	1638	535	540	449	814	590	338	336	566	157	278	592	482	524	352	509	3	146	179	223	226	205	25	791	1136	261	102	206	349	759	3	3	2	40	127	26	2	0
OTU_16	4	0	2	81	93	100	147	185	291	20	6	305	3	303	517	413	428	341	618	443	410	320	387	446	1025	350	491	559	847	5	375	732	334	401	287	123	374	657	563	154	385	758	468	439	142	231	401	787	426	0	0
OTU_17	12	10	5	21	134	56	167	151	60	27	119	3378	272	2704	2963	31	30	21	94	37	19	32	133	17	4	35	27	19	50	15	9	32	44	19	17	1204	14	664	47	453	86	5	189	351	201	115	1321	1377	195	0	1
OTU_18	18	10	5	216	346	493	185	176	20	7	75	168	102	122	103	56	61	87	78	57	53	81	176	80	1318	36	82	38	562	7	37	27	10	23	85	29	59	133	80	9	12	45	429	1909	2362	1071	523	1562	2633	2	4
OTU_19	5	7	5	7	6	3	336	725	8	7	3	4	3	760	235	89	2	1	6	4	2	2	7	1	495	41	7	4	121	498	3	6	2	4	10	2	98	57	1	1	5	0	5	1634	3141	6975	5	6	2	2	2
OTU_20	7	10	1	97	228	90	49	46	12	3	87	149	75	85	110	133	73	246	158	138	49	136	83	85	181	176	17	101	249	9	92	79	45	74	17	23	135	88	99	90	51	114	114	2539	1944	1248	847	2238	2097	1	2
OTU_21	1588	2285	523	102	250	189	72	133	15	38	207	81	228	136	115	157	273	203	74	185	231	120	114	98	86	71	107	262	85	1874	71	50	75	44	47	7	74	72	69	15	132	74	63	283	199	188	280	210	269	2061	1
OTU_22	3	7	4	265	368	88	284	239	50	12	11	1	7	0	3	277	365	576	783	425	187	727	528	265	104	328	328	226	424	9	172	519	384	333	348	132	360	737	681	585	981	567	516	43	20	10	315	383	44	0	3
OTU_23	5	7	6	339	157	202	191	176	41	204	127	1110	146	1423	517	133	171	313	547	126	69	199	309	180	351	177	189	202	319	8	81	237	82	275	217	136	118	84	86	335	66	116	172	435	429	285	605	824	1028	4	1
OTU_24	3	55	5	437	934	423	30	30	191	91	490	164	343	204	537	151	79	126	307	438	48	67	38	78	86	309	96	259	401	13	117	341	52	122	217	731	137	385	48	264	172	183	94	739	587	388	604	1230	400	0	0
OTU_25	8	3	2	2	5	5	20	28	10	3	5	59	7	31	7	11	53	75	14	25	18	14	52	9	13	4	24	13	18	1	14	17	11	3	2	5	18	13	10	3	43	5	19	1555	987	408	3882	3451	1423	1	2
OTU_26	1	5	4	441	606	812	265	289	27	659	995	273	1224	379	150	84	36	36	35	64	60	75	97	60	82	42	84	60	176	5	33	120	22	60	24	53	54	129	30	52	21	36	152	1034	358	469	560	896	998	0	0
OTU_27	10	5	11	10	9	2	4	6	4	10	5	23	5	17	11	725	519	1045	15	1148	919	1460	561	318	186	63	833	369	11	3	161	236	547	181	4	2	3	581	8	1	881	660	173	15	27	65	27	13	18	4	2
OTU_28	3	3	3	2	8	4	2	4	3	8	6	1	5	2	2	481	433	613	417	472	414	402	414	272	787	7	493	642	702	4	243	1284	273	422	132	2	563	246	620	3	457	408	337	9	3	7	1	6	4	2	0
OTU_29	936	1036	772	4	1	5	1	3	5	6	1	3	1	4	6	10	2	2	2	1	2	1	11	2	0	2	6	1	0	0	13	5	0	0	1	0	2	1	7	1	1	0	5	154	130	32	2	6	200	2774	5464
OTU_30	6	6	4	5	10	4	3	3	6	3	3	1	3	5	5	543	332	1203	342	834	826	867	176	360	228	312	623	558	263	7	203	1	591	250	199	3	440	414	407	3	607	356	352	3	5	2	5	3	5	2	2
OTU_31	11	3	3	168	190	353	7	9	963	120	30	3	30	3	5	171	99	187	163	235	158	232	134	184	453	412	157	196	254	11	73	139	68	153	59	1222	139	73	93	275	101	134	462	1253	455	563	187	508	388	2	0
OTU_32	5	7	2	259	375	206	19	19	20	945	506	365	684	563	315	40	57	40	48	26	30	27	40	67	165	61	18	33	211	5	7	61	14	23	21	38	14	38	14	25	6	24	42	821	1068	732	593	1366	1155	0	1
OTU_33	14	6	4	6	5	2	3	4	7	7	2	6	3	5	3	111	269	564	74	128	227	468	160	220	362	347	536	253	457	7	106	140	178	210	129	209	230	140	217	36	161	193	192	643	496	355	901	1844	497	3	0
OTU_34	4	3	4	15	60	12	155	262	19	198	47	227	5	404	473	111	492	451	136	574	192	444	166	135	42	329	169	1142	298	17	41	73	489	228	160	46	217	146	124	24	308	155	78	350	343	753	202	121	338	1	3
OTU_35	1692	3712	2523	2	2	5	2	7	9	8	5	0	0	6	6	9	5	8	7	3	1	2	1	8	1	2	1	2	3	6	3	5	2	0	1	1	3	3	4	2	1	2	3	2	4	4	3	5	5	2293	0
OTU_36	4	6	6	4	3	4	5	2	13	7	4	5	2	1	2	152	98	95	112	88	128	91	52	105	220	69	130	81	63	2	31	57	93	48	76	6	221	222	66	0	48	78	157	682	990	857	2103	1884	1100	2	1
OTU_37	0	9	2	1060	48	420	783	681	11	1570	2937	1	2374	4	4	81	0	2	9	5	3	2	1	2	3	1	4	3	2	5	5	5	1	8	1	2	0	1	1	1	2	4	0	2	3	4	3	1	1	3	0
OTU_38	4	2	4	8	5	6	4	4	10	3	1	0	7	6	2	239	408	619	277	628	561	332	254	345	11	276	438	774	350	5	179	574	403	130	227	26	339	592	286	25	315	336	309	2	0	4	0	3	5	0	1
OTU_39	315	856	258	9	8	7	8	3	668	15	4	5	4	16	9	4	8	9	21	31	7	4	4	0	1	4	5	111	33	67	13	8	0	24	2533	2119	7	45	5	131	2	21	28	9	8	5	4	12	13	1739	1
OTU_40	5	3	2	8	5	1	0	3	6	5	1	1	5	4	4	828	538	982	811	717	37	630	93	27	112	1	36	63	91	1	447	605	184	585	340	0	14	15	553	17	710	381	333	3	0	2	5	3	0	2	0
OTU_41	3	6	4	4	1	2	1	2	27	4	8	0	4	4	11	182	380	486	54	479	280	362	247	521	866	444	474	161	474	4	360	766	225	304	77	9	181	263	202	4	264	194	447	0	0	0	0	0	1	3	2
OTU_42	2	4	0	464	486	711	82	85	13	520	1172	776	2232	1356	531	12	5	0	5	2	3	0	2	1	2	0	1	3	0	2	0	3	2	0	0	0	2	1	0	0	2	0	2	2	1	2	1	3	2	2	0
OTU_43	423	1563	600	3	4	4	5	5	9	12	7	5	6	1	5	2	1	7	4	9	3	4	5	3	6	4	3	3	4	6	4	9	2	10	1	0	2	0	3	1	6	3	11	2	4	6	4	5	3	5179	500
OTU_44	3	1	0	38	45	44	30	40	3	1	72	43	95	78	4	27	99	91	73	117	55	102	86	93	110	68	84	125	213	1	56	86	46	73	9	133	74	59	49	16	50	82	91	1189	515	474	745	774	1714	0	0
OTU_45	2	4	4	621	253	584	11	7	27	51	279	4	256	3	4	190	24	733	27	449	146	157	37	163	57	97	60	369	148	0	100	167	103	490	55	900	29	18	326	27	257	253	445	1	3	1	1	3	1	4	0
OTU_46	2	3	2	176	41	107	57	72	52	4	1	1	0	3	6	317	401	479	843	448	18	35	43	16	2	131	189	325	18	3	132	528	200	336	750	35	405	760	332	61	276	210	63	3	3	4	4	2	7	2	1
OTU_47	2	2	0	4	6	9	49	61	8	13	1	107	5	301	6	32	121	34	75	100	120	72	68	247	65	104	158	190	95	1521	49	39	93	17	39	130	74	459	64	106	84	379	126	312	439	529	631	477	241	4	0
OTU_48	2	4	4	4	5	3	70	66	1	3	2	473	2	265	434	137	121	277	156	205	110	241	116	117	116	208	264	316	145	4	103	173	157	118	48	0	438	289	58	70	175	359	320	108	53	63	321	671	140	4	0
OTU_49	1	0	3	101	263	113	93	75	204	93	91	390	100	968	1014	47	43	173	116	52	15	22	26	45	22	42	18	72	146	9	37	155	19	51	53	798	24	58	17	54	25	52	486	120	60	38	301	438	85	1	0
OTU_50	7	2	2	104	174	36	110	86	18	8	9	2	3	0	2	91	166	246	374	200	80	308	253	117	35	108	135	102	191	4	69	249	159	166	171	45	140	314	276	201	413	221	207	68	44	12	533	618	71	0	0
OTU_51	267	3730	2437	7	3	1	1	2	1	4	2	3	0	4	2	1	1	1	2	3	1	2	0	3	2	4	2	1	3	2	2	3	3	0	1	2	1	2	1	2	1	1	1	1	0	2	1	2	2	1	1
OTU_52	2	6	6	9	39	82	10	12	4	6	1	1	3	4	4	62	95	1329	61	857	191	412	152	42	77	64	468	61	191	2	90	25	54	228	359	4	119	53	48	129	22	227	387	26	7	0	115	172	3	0	0
OTU_53	6	4	0	9	42	15	79	121	9	13	6	41	3	50	50	45	261	192	64	269	125	84	67	59	46	46	80	189	147	27	33	82	56	43	82	134	115	281	91	32	70	51	60	447	418	947	267	190	636	0	2
OTU_54	3	7	1	127	50	63	11	13	3044	52	106	532	72	587	1030	8	7	8	31	22	3	8	2	1	5	0	11	7	1	4	4	13	2	3	55	111	5	13	3	106	28	3	2	4	2	1	0	0	5	2	0
OTU_55	3	0	6	1797	282	837	1	4	325	1875	546	0	423	0	4	0	2	1	2	4	0	3	5	0	0	1	2	1	1	1	0	2	0	1	0	2	0	1	2	1	0	2	2	0	4	3	3	0	0	1	2
OTU_56	4	12	7	79	73	65	207	370	12	8	364	297	203	532	251	126	230	163	67	363	102	110	106	33	48	54	95	159	129	133	31	38	87	22	18	45	43	45	59	18	72	61	49	181	246	140	181	127	247	2	0
OTU_57	3	0	0	214	8	178	58	61	74	28	277	87	229	45	3	59	68	232	67	53	41	158	227	52	79	259	209	158	34	3	25	35	20	91	26	92	118	72	190	66	58	29	82	633	347	315	180	211	470	0	1
OTU_58	4	2	2	8	9	19	1	10	40	1447	1328	243	2086	195	365	1	3	5	7	2	1	5	4	4	3	1	2	2	18	4	2	4	0	4	1	1	1	1	2	1	4	3	2	22	18	17	2	3	6	3	0
OTU_59	949	12	1562	2	0	4	5	3	2	4	8	3	8	9	2	7	3	3	2	0	0	4	5	6	6	1	0	3	0	1	4	3	0	4	0	0	0	4	0	2	2	0	0	7	6	2	5	3	8	3223	3
OTU_60	1	406	450	10	12	1	3	0	99	5	0	6	3	3	4	3	3	9	16	13	7	0	1	0	3	1	7	57	22	39	12	2	0	13	2399	1964	2	20	1	87	4	9	14	12	19	2	5	8	6	0	2
OTU_61	61	1949	1610	3	1	0	2	2	5	4	1	5	1	2	2	2	4	3	7	3	0	2	2	0	2	2	2	0	3	0	3	3	3	1	1	0	2	5	1	1	2	0	0	3	2	3	2	1	2	1393	534
OTU_62	1	2	0	2	0	2	106	82	3	3	5	137	0	275	399	131	128	329	149	162	126	154	111	110	181	53	234	215	94	3	58	370	95	192	133	2	110	146	113	91	102	186	152	94	28	45	157	215	40	0	3
OTU_63	583	1641	617	9	2	1	2	28	5	2	6	1	1	4	1	34	1	0	1	2	0	2	1	30	2	0	0	1	0	1	2	8	2	1	1	1	1	0	0	7	0	1	0	1	3	0	1	1	0	2141	373
OTU_64	0	1	3	82	36	56	37	35	116	95	2	96	0	92	56	165	132	280	215	189	143	223	107	193	188	167	281	213	200	2	134	314	145	225	76	165	164	192	189	48	161	151	110	0	1	3	1	0	3	0	0
OTU_65	1411	2	4	0	5	1	2	1	3	7	3	1	1	3	11	36	11	8	9	8	5	3	33	4	0	1	2	5	2	0	8	2	2	2	2	2	0	4	3	0	0	3	3	1006	994	220	1	6	1448	3	4
OTU_66	2388	1381	442	2	6	6	3	7	4	5	20	3	6	6	2	7	4	2	4	2	1	3	1	1	0	5	0	3	3	2	1	2	2	2	0	1	0	2	2	2	0	2	1	5	3	0	1	15	3	604	0
OTU_67	2	5	2	341	175	195	218	219	19	217	132	1186	150	1429	540	39	1	3	1	1	0	3	2	1	0	1	1	0	0	1	1	3	1	0	3	0	1	2	2	1	3	0	1	1	0	4	3	1	0	0	3
OTU_68	3	7	0	3	4	0	2	1	3933	547	19	5	3	17	6	3	6	4	103	43	2	3	3	1	2	9	11	4	0	31	44	2	3	1	0	5	2	6	0	4	3	10	18	2	3	3	1	1	0	1	0
OTU_69	7	3	3	136	274	118	718	685	1081	67	61	277	56	871	251	94	0	1	2	0	0	0	2	1	2	1	0	0	2	1	3	0	1	1	1	3	1	2	0	0	0	0	2	3	2	3	1	2	0	2	0
OTU_70	68	1	1	2	1	0	314	667	4	7	18	3	12	423	13	94	22	9	4	15	3	3	1	3	21	0	9	95	4	941	1	6	3	5	7	0	8	8	12	0	2	6	2	128	412	56	194	29	992	0	0
OTU_71	4	0	0	3	1	2	15	23	1	0	2	9	1	11	28	74	53	98	136	107	72	42	61	86	100	53	92	201	44	4	19	105	32	87	20	227	64	31	18	268	75	133	101	365	186	151	521	604	294	0	0
OTU_72	0	3	3	1	1	3	2	3	4	1	2	0	1	1	2	139	143	22	475	122	47	76	154	69	98	424	220	150	255	5	80	340	103	255	209	87	82	321	116	105	183	200	85	1	3	0	0	0	0	0	0
OTU_73	5	3	1	3	41	20	78	156	9	2	19	24	1	36	13	75	362	117	111	422	47	24	101	139	36	73	82	134	131	56	36	77	58	95	21	6	42	54	99	9	108	52	30	145	164	506	189	123	213	0	0
OTU_74	199	976	802	4	0	2	1	3	0	2	2	5	0	1	2	3	1	3	2	1	0	1	4	2	4	2	1	0	3	4	3	7	3	1	1	1	1	2	0	0	3	0	1	2	3	0	3	3	3	1996	206
OTU_75	0	2	2	3	38	27	4	5	16	34	69	11	109	72	28	36	253	75	24	466	144	92	49	46	31	42	68	220	60	49	40	112	59	39	41	30	76	106	54	15	79	64	64	163	136	395	303	198	174	0	1
OTU_76	1373	1131	1567	3	3	4	2	4	4	3	2	6	1	1	2	0	2	1	8	3	0	1	0	0	2	3	0	1	0	0	1	2	3	3	1	2	0	0	1	1	0	1	0	3	1	0	2	1	0	3	2
OTU_77	0	2	4	48	23	22	25	43	120	501	1	2	0	0	1	119	50	160	233	71	57	67	43	160	257	118	199	47	641	4	33	95	77	56	20	46	73	153	85	127	55	148	159	1	1	1	0	2	2	0	0
OTU_78	0	2	1	247	672	164	112	71	2	574	6	705	0	801	629	8	3	1	2	1	0	1	0	2	0	103	1	1	1	1	2	1	0	0	0	0	11	1	0	0	3	1	1	1	1	2	3	3	0	0	0
OTU_79	0	0	0	0	0	0	2	1	1	2	0	2	0	2	1	1	1	1	3	2	29	10	613	169	3224	2	5	0	0	1	2	0	0	0	0	0	0	0	1	4	5	5	3	0	0	1	0	0	2	1	0
OTU_80	1	3	3	436	356	291	234	222	109	239	348	536	338	419	443	36	0	1	4	0	2	0	2	0	0	3	1	1	2	2	0	0	2	1	3	9	4	1	0	7	2	1	16	3	0	0	1	2	0	5	0
OTU_81	992	6	654	3	2	1	1	2	3	1	1	1	2	6	1	1	1	2	3	4	0	0	0	3	0	3	0	2	1	1	2	2	0	0	0	2	0	1	1	0	0	0	0	2	0	0	1	2	0	1619	711
OTU_82	1	7	5	4	8	3	28	64	12	9	38	34	17	36	157	37	854	166	41	87	131	204	187	108	44	59	89	275	53	5	35	86	22	18	45	28	55	441	103	6	84	92	27	53	18	25	20	11	16	0	0
OTU_83	0	1	2	4	3	2	0	0	4	2	1	1	1	0	3	153	489	97	119	378	259	160	242	111	0	113	35	434	7	4	86	1	152	48	63	0	200	70	24	2	215	210	168	1	0	0	2	3	1	1	2
OTU_84	0	0	3	2	4	2	3	0	1	2	2	1	0	0	0	57	58	68	82	203	113	22	23	604	98	184	252	192	81	14	35	779	91	33	16	0	85	107	101	5	128	293	93	0	0	1	2	0	0	1	0
OTU_85	0	3	0	2	10	14	9	18	3	6	24	262	6	474	190	26	43	63	75	95	19	25	116	32	40	14	22	231	44	5	19	97	41	17	36	99	33	159	18	149	46	75	13	90	170	759	61	18	64	2	0
OTU_86	6	12	2	5	7	3	2	2	10	4	1	2	4	1	3	4	0	5	4	2	3	4	0	3	2	7	6	0	3	0	2	2	2	1	0	2	1	1	1	1	1	0	2	159	114	34	1608	1614	176	0	5
OTU_87	2	0	2	2	119	25	54	107	4	1	1	1	0	1	8	51	480	204	40	131	81	47	363	65	12	41	111	90	138	1	49	130	88	4	12	1	165	135	82	18	225	68	65	78	107	111	41	13	227	0	0
OTU_88	3	0	4	596	1432	205	214	252	449	185	105	84	16	141	54	28	2	1	0	0	0	0	2	4	0	0	0	0	0	3	1	3	0	1	0	0	3	0	0	0	0	3	0	0	3	0	0	1	2	1	2
OTU_89	0	96	0	0	40	3	2	4	3	2	1	37	2	3	2	207	232	18	6	4	3	0	1	0	1	2	1	0	1	1	160	263	6	51	3	4	79	6	369	30	344	393	1354	4	3	2	0	4	2	0	0
OTU_90	1	1	2	5	16	2	7	1	2	2	3	0	1	2	0	3	30	51	35	117	10	2	3	4	26	15	5	32	124	72	11	8	31	7	3	2	33	18	13	1	32	4	20	949	203	1790	2	1	3	3	0
OTU_91	3	1	1	32	121	67	60	73	2	6	20	130	8	91	14	10	47	14	3	7	6	1	27	3	23	30	1	3	138	0	6	22	4	5	7	27	3	11	8	4	8	5	4	207	141	44	323	1305	572	2	0
OTU_92	3	3	2	12	60	43	5	2	131	4	3	0	0	0	3	23	74	177	186	116	128	147	165	127	464	47	150	57	200	3	91	75	27	93	278	37	82	133	173	82	66	101	49	0	0	2	0	0	0	1	0
OTU_93	4	6	0	3	1	4	3	4	2	1	0	2	0	0	0	2	0	1	1	1	2	1	2	0	1	1	0	1	1	1	2	1	3	0	0	2	0	0	0	0	1	0	3	216	1272	676	2	20	1129	2	0
OTU_94	4	6	1	59	155	41	27	32	1	44	338	101	290	336	147	9	11	17	1	9	5	2	8	1	19	7	7	2	0	2	6	4	10	3	5	9	3	0	0	2	10	1	4	237	172	269	476	212	236	3	0
OTU_95	1	3	2	168	452	30	658	558	21	541	59	46	132	251	245	87	1	0	4	1	2	0	1	0	0	0	0	1	1	0	2	0	0	0	2	2	1	0	0	1	0	1	2	3	2	0	0	1	1	0	0
OTU_96	0	0	0	5	13	12	22	28	9	2	19	14	8	32	29	92	177	47	53	324	42	106	78	39	42	38	167	221	80	3	86	27	184	103	21	15	74	239	43	24	132	48	108	66	56	100	68	28	128	2	0
OTU_97	2	0	1	1	1	1	384	329	8	1	1	790	0	1240	426	44	0	3	2	0	0	1	1	0	2	0	0	1	2	0	0	1	1	1	0	0	1	1	0	0	0	0	1	0	4	0	2	0	0	0	0
OTU_98	2	2	2	1	1	1	0	1	4	5	0	0	0	4	2	63	987	4	574	168	0	1	1	1	27	29	58	7	84	1164	12	7	2	8	0	0	4	0	2	1	0	0	0	0	2	0	0	0	2	0	0
OTU_99	2	0	0	10	29	13	79	101	4	12	19	46	2	131	140	29	82	89	16	132	67	29	16	29	16	28	27	80	13	25	19	11	41	6	6	17	17	13	11	7	33	45	23	140	156	554	154	286	382	0	0
OTU_100	1	0	3	8	21	10	23	30	38	1	7	13	8	25	15	36	63	39	59	84	51	57	38	63	77	47	86	80	69	1	49	122	54	78	30	167	68	318	61	106	136	95	47	68	39	41	273	248	84	0	1
OTU_101	0	0	0	3	2	0	1	0	2	2	0	0	0	2	0	51	43	103	90	45	51	79	43	45	108	96	120	65	117	2	33	39	44	55	50	15	46	114	57	7	39	90	76	346	161	203	191	287	149	2	0
OTU_102	0	2	0	165	101	88	38	47	16	66	127	9	148	13	14	20	18	38	33	23	18	39	40	28	13	23	39	16	67	2	14	43	25	11	10	1	4	10	14	5	15	18	33	429	184	166	209	277	242	0	0
OTU_103	1364	430	410	3	6	1	0	0	3	0	1	0	0	0	0	0	0	0	1	1	1	3	0	0	1	2	0	0	3	0	2	1	0	0	2	0	1	0	0	0	0	0	0	1	0	0	1	1	1	0	714
OTU_104	1	6	0	44	178	84	110	209	5	17	88	181	32	223	34	78	108	46	30	111	71	44	31	23	16	26	23	57	55	79	17	10	16	16	10	1	25	22	18	5	27	43	31	61	82	69	38	69	351	0	0
OTU_105	0	0	4	17	20	19	43	83	6	20	25	22	10	91	52	55	76	237	37	130	79	111	139	150	35	23	108	76	30	33	49	94	71	20	15	2	56	216	109	51	97	64	76	29	49	58	50	31	25	0	0
OTU_106	2	0	1	900	405	745	41	48	87	118	70	12	178	20	25	4	2	9	12	5	3	3	4	4	10	1	9	1	26	4	1	3	0	1	1	2	0	0	1	3	0	3	122	0	0	0	1	0	1	0	0
OTU_107	0	1	1	3	1	1	841	1103	3	1	0	12	2	19	614	144	0	4	4	0	0	2	0	2	0	0	0	1	1	0	1	1	0	0	1	0	0	6	2	0	1	0	45	3	2	3	0	2	1	1	0
OTU_108	0	0	0	28	15	6	42	81	0	9	5	51	2	97	80	12	83	28	48	87	46	23	53	8	8	10	25	24	23	255	9	9	40	4	1	0	9	29	24	22	53	5	17	31	46	71	388	441	438	0	0
OTU_109	2	6	1	3	2	1	0	1	6	0	1	1	0	0	2	4	40	73	9	95	4	7	7	25	148	277	142	11	521	3	23	31	6	29	224	2	395	1	18	0	327	26	221	1	0	2	0	0	0	0	1
OTU_110	1	2596	3	4	1	1	5	3	7	1	1	1	3	5	2	1	0	2	0	2	0	0	1	2	0	2	0	0	2	2	1	4	2	0	2	0	1	2	3	0	1	0	2	0	1	1	2	0	1	0	0
OTU_111	4	2	1	1457	40	974	2	1	127	17	0	0	1	4	1	1	1	0	2	1	1	3	0	4	0	1	0	1	0	2	0	4	0	0	0	0	0	1	0	1	0	0	1	0	1	1	0	0	1	1	0
OTU_112	1	3	2	18	30	13	9	17	2	6	28	896	5	535	30	9	298	53	8	25	10	4	10	0	32	129	2	8	1	14	34	4	17	13	3	3	4	30	11	0	5	26	11	36	38	55	43	29	40	3	0
OTU_113	4	3	5	2	2	3	4	15	6	51	19	55	8	44	80	76	173	144	56	166	141	113	126	42	61	98	92	103	53	2	58	69	86	29	22	2	49	17	36	17	137	95	43	3	2	15	26	10	60	0	0
OTU_114	0	0	0	3	0	3	0	1	4	0	1	4	1	3	0	58	8	28	48	47	101	78	28	190	60	82	31	127	52	0	20	110	117	29	4	2	97	270	66	1	60	60	87	158	51	88	72	11	262	0	0
OTU_115	0	0	1	92	25	10	17	24	6	0	5	5	2	19	21	47	136	230	29	114	50	36	18	50	167	29	64	64	47	6	22	34	45	33	73	2	31	44	22	1	26	54	66	26	21	156	329	36	124	0	0
OTU_116	2	1	2	2	5	1	120	137	8	0	1	0	1	1	1	29	228	78	144	39	9	18	44	12	256	11	38	38	141	2	12	27	17	20	24	0	7	26	15	34	34	101	48	223	69	102	77	158	78	0	1
OTU_117	0	1	2	2	1	0	0	2	3	0	0	0	0	1	1	56	40	36	68	76	17	15	60	52	73	81	63	55	135	1	20	22	19	42	13	3	56	56	9	6	34	59	35	163	197	112	218	376	161	0	0
OTU_118	0	0	0	69	71	38	51	29	123	1028	54	188	30	237	429	9	0	0	1	2	0	0	1	1	1	0	0	0	0	1	1	0	2	0	0	1	2	0	0	0	1	0	0	1	1	4	0	0	0	0	0
OTU_119	1664	55	2	4	1	16	14	1	0	1	0	4	2	27	3	0	0	1	1	1	0	13	5	0	1	3	1	2	0	10	1	1	0	3	0	0	0	25	0	0	0	1	0	5	1	0	2	8	5	466	0
OTU_120	0	6	0	1	0	1	0	0	3	4	0	0	0	0	0	84	62	154	134	158	103	102	84	71	64	87	108	161	121	2	11	28	59	90	48	3	77	57	68	102	102	84	104	0	1	0	1	0	2	0	0
OTU_121	0	0	0	4	57	8	4	19	87	27	33	4	97	16	7	43	47	46	22	92	74	7	5	27	65	68	5	203	25	1	37	26	8	25	8	6	3	14	33	1	0	28	40	333	3	679	0	0	0	0	0
OTU_122	3	0	0	0	0	0	31	49	4	1	0	2	0	84	33	10	107	8	26	42	9	10	106	9	6	12	1	17	7	802	2	4	13	6	3	13	13	9	3	106	13	1	7	116	112	90	178	127	137	0	0
OTU_123	0	0	2	1	0	2	132	231	1	1	0	410	1	332	179	29	15	0	2	21	7	0	7	3	10	1	6	1	5	0	5	3	8	0	3	0	3	11	3	1	2	5	1	1	2	372	182	24	279	1	0
OTU_124	0	0	2	18	0	78	8	6	6	2	0	2	2	0	2	26	37	331	80	79	14	21	76	14	41	19	38	1	46	0	2	13	26	10	26	0	42	592	2	39	24	46	4	70	24	11	65	308	27	0	1
OTU_125	0	1	0	0	0	0	21	49	0	3	0	741	0	277	728	36	1	13	26	2	2	5	1	11	8	28	9	11	9	0	1	83	7	0	2	0	3	27	3	3	20	56	30	0	0	2	0	0	51	0	0
OTU_126	1	1	3	0	0	1	21	41	3	0	0	398	0	553	783	5	16	8	0	20	6	6	14	3	2	9	7	7	4	28	0	4	4	1	2	4	7	9	11	3	13	5	23	13	37	50	26	20	52	2	0
OTU_127	86	3	0	3	1	3	2	1	1667	7	9	1	1	4	1	3	0	0	41	68	0	1	0	0	0	33	2	0	1	7	1	4	2	2	3	5	0	4	0	12	4	51	115	1	0	2	2	2	0	44	0
OTU_128	511	623	1	0	4	24	20	0	0	3	3	2	0	33	10	2	1	1	3	1	1	16	1	1	0	0	2	1	1	25	1	1	0	0	0	0	0	20	1	0	0	1	0	6	4	0	1	16	17	749	0
OTU_129	1	0	1308	0	1	1	0	0	4	1	0	0	0	1	0	0	0	1	0	0	0	0	1	0	1	0	0	0	0	0	0	0	0	0	1	2	1	2	0	1	0	0	0	2	0	1	0	1	1	765	1
OTU_130	0	4	0	3	4	26	56	107	4	17	6	0	3	0	12	70	75	53	99	75	189	15	31	36	36	24	93	83	129	0	31	256	22	20	5	66	85	47	23	39	83	4	44	15	9	9	6	11	55	0	2
OTU_131	2	1	1	2	10	0	1	2	1	0	0	0	0	0	0	44	41	118	18	165	12	1	24	38	3	17	203	151	298	0	21	383	16	21	19	0	13	86	140	2	69	42	92	1	5	0	0	0	0	0	0
OTU_132	0	2	0	0	16	0	22	23	3	1	5	2	0	18	6	36	395	217	102	142	18	66	4	12	1	128	28	45	131	4	14	164	65	12	2	93	7	64	31	17	92	19	9	1	4	3	1	1	1	0	0
OTU_133	2	2	0	2	64	20	299	315	1	0	481	3	751	4	0	49	0	0	0	1	0	0	0	0	2	0	1	0	0	0	0	0	0	0	0	1	0	1	0	0	0	0	0	0	0	0	0	0	0	1	0
OTU_134	3	0	0	57	8	84	173	205	120	143	359	69	523	73	44	29	0	2	0	1	3	3	2	3	1	2	8	5	8	0	0	1	3	0	0	0	0	0	0	0	0	4	2	16	15	2	10	5	6	0	2
OTU_135	0	2	0	0	3	0	1	2	0	1	1	1	0	1	0	37	83	92	9	93	52	92	37	114	197	120	113	41	113	0	80	176	43	67	24	2	43	75	58	0	62	36	102	2	0	0	0	0	0	0	0
OTU_136	0	1	0	130	167	80	20	35	19	18	92	0	63	25	9	4	7	2	2	10	4	3	1	1	6	3	4	6	7	0	6	2	0	2	4	2	10	7	2	0	1	1	10	149	106	291	309	213	134	1	0
OTU_137	0	133	0	34	7	34	12	20	4	1	1	0	1	0	2	15	14	31	10	74	24	25	2	106	60	9	245	25	325	1	9	9	6	113	3	0	24	11	313	22	61	103	15	1	0	2	0	19	0	1	0
OTU_138	0	0	2	3	1	1	26	50	4	4	0	53	0	54	11	51	69	55	60	97	49	56	44	43	69	60	108	103	114	5	22	92	30	39	9	45	60	87	51	125	43	53	35	2	1	0	0	0	0	0	0
OTU_139	2	0	0	2	1	3	0	0	0	1	0	0	0	0	0	22	70	51	49	74	71	79	71	30	44	80	22	154	177	0	20	235	77	56	25	114	59	127	10	23	25	47	57	0	1	4	0	0	0	0	0
OTU_140	13	2	0	0	2	0	70	159	1	6	4	286	3	334	482	27	37	16	13	27	14	30	5	2	40	2	10	8	2	3	23	3	21	23	5	0	2	75	7	0	6	5	0	15	16	50	9	7	9	0	0
OTU_141	0	0	0	0	1	0	27	21	0	0	0	141	0	124	130	54	50	41	62	40	19	32	60	31	57	24	35	39	74	2	31	37	25	27	10	5	71	65	45	181	68	48	55	0	0	0	0	1	1	0	135
OTU_142	0	1241	585	0	0	0	0	0	0	2	0	1	0	0	0	1	0	0	1	0	1	0	1	0	0	0	0	0	1	3	2	2	0	1	1	1	1	0	0	0	0	0	0	2	0	1	0	1	0	0	0
OTU_143	2	0	0	4	0	3	27	37	1	9	1	1	0	1	2	23	18	185	51	74	29	121	15	55	38	41	101	57	122	6	28	45	55	28	16	2	23	37	50	423	29	9	41	1	7	2	13	7	1	0	2
OTU_144	13	487	2	0	3	3	53	160	0	4	3	95	2	47	10	34	5	16	4	26	43	19	18	5	12	6	17	25	1	5	7	12	9	9	3	0	7	9	3	0	9	6	5	113	258	145	29	55	8	1	0
OTU_145	2	2	2	1	0	0	0	0	1	4	0	0	4	0	0	3	5	9	6	3	13	6	5	2	10	2	2	6	0	25	3	6	9	3	1	17	10	24	2	7	13	4	12	20	46	680	110	235	471	0	0
OTU_146	0	992	0	0	2	10	12	17	3	1	0	25	0	20	0	16	11	77	31	111	9	10	10	14	45	76	18	12	36	0	7	18	4	4	8	5	3	42	11	7	11	38	8	2	2	5	6	5	1	1	1
OTU_147	0	0	0	32	56	30	47	35	83	10	11	73	18	50	8	10	34	25	21	33	11	24	32	13	55	41	50	31	53	1	21	36	19	29	38	46	21	42	21	14	30	35	11	47	64	21	93	133	133	0	0
OTU_148	627	65	1019	2	0	0	1	0	0	0	4	0	0	0	0	0	1	0	0	0	0	1	1	0	0	0	2	0	0	2	0	0	1	0	0	0	0	0	0	0	0	0	0	1	3	1	0	0	0	0	0
OTU_149	0	40	35	2	0	3	0	1	1	1	4	0	1	3	0	0	2	1	2	0	0	0	1	0	0	0	0	0	2	0	3	2	0	0	0	0	0	0	1	0	0	0	2	2	0	0	1	3	1	1576	2
OTU_150	2	0	2	0	0	5	39	88	2	0	2	2	4	0	0	24	2	42	27	59	2	51	4	24	4	94	50	13	12	1	17	1	16	25	5	1	6	0	4	1	4	3	1	4	8	22	52	18	936	0	0
OTU_151	2	0	0	0	1	1	0	1	2	0	1	0	2	0	0	42	120	0	5	144	19	126	19	22	136	51	90	187	79	0	26	199	66	8	16	0	14	22	147	0	6	11	40	0	0	0	1	0	0	0	0
OTU_152	0	2	0	2	4	6	23	10	0	0	0	214	0	163	0	23	31	168	24	170	4	35	17	27	58	101	31	13	55	0	7	30	11	12	18	6	20	72	52	7	26	66	16	8	1	0	16	14	0	0	0
OTU_153	0	1	0	2	0	0	0	3	0	0	0	0	2	0	0	36	55	185	22	111	63	61	35	49	16	43	77	65	111	7	30	109	32	23	60	1	38	25	69	46	30	61	36	3	4	7	7	10	0	1	2
OTU_154	4	0	1	4	2	1	77	142	0	1	0	474	0	429	350	9	0	1	4	0	1	0	2	0	0	0	2	0	2	0	2	0	0	1	1	1	0	0	0	1	1	1	0	1	0	1	0	1	3	1	0
OTU_155	0	2	0	3	7	5	188	280	9	10	21	11	29	25	60	46	35	16	11	34	29	17	20	24	25	32	25	43	67	1	24	21	13	19	2	1	5	6	13	1	16	11	32	101	74	20	42	31	12	0	0
OTU_156	0	4	0	3	0	1	4	3	4	0	0	0	0	1	2	15	33	35	14	86	119	43	81	90	29	29	79	85	87	2	48	144	35	43	34	12	11	68	19	11	53	94	42	0	1	1	0	0	1	0	0
OTU_157	0	5	0	2	0	7	10	15	0	0	2	4	0	1	0	18	26	388	27	25	5	66	12	7	59	21	58	7	48	2	0	44	6	19	9	4	13	80	22	20	19	195	40	5	1	2	35	54	0	0	0
OTU_158	0	0	0	6	28	8	0	2	555	83	1	78	1	38	104	21	6	11	21	3	5	10	12	5	2	10	11	13	21	0	3	40	12	14	23	36	9	8	8	8	31	13	40	15	5	6	11	12	14	0	0
OTU_159	0	0	0	0	0	1	1	1	1333	0	9	1	1	1	1	1	0	0	0	0	0	0	1	0	0	2	0	0	0	2	0	0	0	0	0	0	0	0	0	0	0	1	1	0	1	1	1	0	0	0	0
OTU_160	0	1	1	0	0	0	5	9	2	1	1	0	0	0	0	34	1	74	51	59	35	34	1	10	3	17	162	188	16	2	8	13	3	11	3	190	27	22	93	0	113	144	20	0	3	0	0	0	0	1	0
OTU_161	1301	0	0	1	0	0	1	2	3	0	1	0	2	1	0	0	0	2	4	0	0	0	0	1	2	0	0	0	1	0	0	1	1	0	1	0	1	1	0	0	0	0	0	0	0	0	0	0	0	3	7
OTU_162	0	0	3	27	19	13	19	64	37	56	0	10	19	23	93	40	81	49	25	141	93	29	19	10	5	23	37	63	27	2	19	15	58	9	11	11	41	37	6	3	49	29	10	0	0	0	0	0	0	0	0
OTU_163	0	159	530	10	18	1	22	18	0	13	137	10	25	17	2	11	9	9	4	5	4	3	0	0	0	2	2	6	2	1	8	8	4	6	0	1	3	7	3	1	2	4	5	12	10	1	7	4	1	176	0
OTU_164	0	0	0	83	130	45	20	36	26	20	152	164	150	418	15	4	1	0	0	1	0	1	0	1	0	1	0	1	0	0	0	1	0	0	0	0	1	0	0	0	0	1	0	2	2	0	0	0	0	1	0
OTU_165	4	0	0	55	171	55	16	12	0	930	6	0	0	0	0	3	0	0	0	0	0	0	0	0	0	0	0	0	0	0	0	0	0	0	0	0	0	0	0	0	0	0	2	1	2	1	0	0	2	0	0
OTU_166	0	0	0	0	1	0	546	622	0	0	2	0	0	1	1	80	0	2	0	0	0	0	0	0	0	0	0	0	0	0	0	0	0	0	0	0	0	0	0	0	0	0	0	0	0	0	0	0	1	0	0
OTU_167	0	0	2	1	0	0	0	3	0	0	0	0	1	0	0	20	15	35	22	76	39	75	48	20	47	3	6	77	49	0	38	54	51	14	6	0	42	79	101	0	24	65	209	0	0	0	0	0	1	0	0
OTU_168	394	0	0	1	9	4	15	17	0	0	1	30	0	48	72	1	2	11	26	43	30	32	17	66	13	20	43	45	38	0	4	20	20	7	10	4	31	13	13	0	36	24	5	2	10	0	18	7	1	0	0
OTU_169	0	0	0	2	1	0	0	0	1	0	1	0	0	0	0	10	5	2	32	271	82	46	9	77	14	0	12	15	8	0	106	0	33	58	17	2	48	0	1	8	252	23	39	0	0	0	0	0	0	0	0
OTU_170	0	1	0	0	0	0	24	39	2	0	0	0	0	41	0	2	18	2	5	15	33	7	35	10	15	40	6	32	7	3	3	51	14	8	7	0	24	15	15	0	8	16	11	126	92	161	79	49	158	0	0
OTU_171	0	0	0	0	2	0	1	1	0	1	0	0	0	0	0	0	0	0	0	0	0	0	0	0	0	1	0	0	0	1	1	0	1	1	0	0	0	0	0	0	0	0	0	1	0	0	0	0	1	1049	112
OTU_172	2	494	147	10	12	15	20	12	0	13	10	8	9	3	5	20	4	33	8	10	17	22	5	12	11	0	10	18	11	3	7	3	12	6	4	0	6	3	13	5	18	4	6	4	20	6	31	35	12	2	0
OTU_173	0	0	0	0	0	0	0	2	2	2	0	1	0	0	0	69	28	41	26	76	29	45	16	42	28	51	60	57	19	4	18	19	37	37	14	1	49	46	22	166	38	32	47	0	0	0	0	0	0	0	0
OTU_174	0	325	0	0	0	0	1	0	0	0	0	0	2	0	0	0	0	0	0	0	0	0	0	1	0	0	0	0	1	0	0	0	1	0	0	0	0	0	0	0	0	0	0	0	0	0	0	0	0	776	0
OTU_175	0	3	1	1	5	2	12	17	2	7	83	39	26	27	246	64	14	12	45	45	36	11	3	28	2	1	9	85	13	1	29	4	7	13	0	0	9	19	9	4	34	24	27	3	10	18	20	10	13	0	1
OTU_176	0	4	0	3	3	2	13	41	1	1	2	0	1	139	64	10	0	0	4	2	1	0	2	3	36	4	1	0	8	22	1	3	1	0	0	0	6	2	0	0	1	2	3	79	180	442	0	2	0	0	0
OTU_177	0	0	0	0	491	448	0	1	0	1	25	0	4	0	0	0	1	0	1	0	1	0	1	0	86	1	0	0	0	0	1	0	0	1	0	0	0	3	0	0	0	0	0	0	0	0	0	0	2	0	0
OTU_178	0	1	1	0	0	1	25	78	0	1	0	3	0	15	2	10	28	6	1	3	12	23	51	4	8	0	11	17	18	1	4	38	8	7	2	11	6	30	28	0	3	3	5	46	96	117	126	86	130	0	0
OTU_179	0	0	0	9	77	31	45	131	0	3	49	37	22	81	23	21	2	0	3	1	0	1	2	1	2	3	4	0	1	0	2	0	0	1	2	0	1	7	2	0	0	0	0	24	32	47	109	125	161	0	0
OTU_180	1	2	0	0	1	0	1	7	3	2	1	2	0	2	3	38	18	113	82	33	10	22	43	29	16	70	48	28	75	0	6	36	5	34	62	52	18	96	22	2	14	41	16	3	0	2	1	0	0	1	0
OTU_181	2	2	0	0	2	0	2	0	0	0	0	2	0	0	0	35	24	20	8	6	43	100	142	106	38	163	34	9	33	1	18	48	20	3	0	4	32	0	26	3	39	57	30	0	0	1	0	2	2	0	0
OTU_182	2	126	0	0	0	0	1	0	303	10	5	0	4	0	2	8	12	14	37	17	3	5	26	7	0	3	12	18	15	2	5	10	6	16	58	75	7	42	6	125	19	21	20	0	0	1	0	0	0	0	0
OTU_183	0	0	0	0	0	0	0	1	0	0	0	1	3	1	0	0	0	5	4	1	0	16	0	0	3	5	5	15	0	363	7	0	0	6	9	0	0	11	1	0	3	6	0	128	351	90	2	6	0	0	0
OTU_184	0	0	2	2	22	1	34	76	4	35	4	8	4	8	1	12	24	43	58	31	9	9	12	17	19	29	32	31	71	1	20	20	49	7	8	2	24	68	25	0	8	15	7	11	3	3	6	3	2	0	158
OTU_185	4	0	2	0	0	0	129	165	3	0	0	0	0	0	0	33	5	120	8	8	8	4	23	25	213	12	26	0	21	0	4	8	1	20	18	0	11	0	17	1	6	45	73	1	0	0	0	0	1	0	0
OTU_186	726	3	1	5	9	6	6	17	0	3	6	6	14	25	4	2	3	1	2	6	2	2	4	0	3	0	1	11	3	23	0	0	0	0	2	1	1	5	1	0	5	2	2	15	12	13	14	16	12	0	0
OTU_187	602	367	1	0	0	0	0	0	0	0	0	1	0	0	0	0	2	0	0	2	0	2	1	1	0	0	0	0	0	0	0	3	0	0	0	0	0	0	0	0	0	0	0	0	0	0	0	0	0	1	0
OTU_188	0	0	0	0	0	0	14	4	0	0	1	0	0	0	0	39	41	47	56	36	31	23	37	35	176	33	18	29	63	2	13	28	11	30	14	0	10	37	16	7	28	40	37	2	0	0	0	0	1	0	0
OTU_189	0	0	0	0	0	0	0	0	0	0	0	0	1	0	0	0	0	1	1	0	0	0	0	0	0	0	1	0	0	0	0	0	1	1	0	0	0	3	0	0	0	0	0	0	0	0	1	0	0	707	224
OTU_190	529	350	12	0	0	0	0	0	0	0	0	0	0	0	0	0	0	0	1	0	0	0	0	0	1	0	0	0	0	2	0	0	0	0	0	0	1	0	1	0	0	0	0	0	0	0	1	0	0	0	18
OTU_191	1	1	0	17	19	18	1	3	0	3	36	10	24	9	0	4	18	12	5	17	11	14	9	17	19	10	5	21	32	2	12	13	12	9	1	23	16	11	9	4	8	15	13	102	27	19	57	80	141	1	0
OTU_192	0	0	0	0	0	0	0	0	0	0	0	2	0	0	4	1	2	2	4	2	4	15	85	126	6	1	1	3	8	0	1	52	12	5	0	0	4	6	19	0	3	1	8	98	32	37	101	253	1	0	0
OTU_193	0	0	0	53	63	17	49	97	0	13	9	32	2	66	68	16	25	23	6	19	16	8	5	6	8	4	4	18	9	0	10	5	5	6	4	5	5	20	7	1	15	7	7	22	24	28	38	15	37	1	0
OTU_194	0	0	0	91	151	112	33	42	2	179	50	86	42	46	46	9	0	0	0	0	0	1	0	0	0	0	0	0	0	0	0	0	0	0	0	0	0	0	0	0	0	0	0	0	0	0	0	0	0	0	0
OTU_195	150	0	489	1	0	0	0	1	0	1	0	0	0	0	0	0	0	0	0	1	0	0	0	0	1	0	0	0	0	2	0	1	0	1	0	0	0	0	2	0	0	2	1	1	0	0	0	0	0	0	217
OTU_196	849	0	0	0	0	0	0	0	0	2	0	0	0	0	0	0	0	0	1	0	0	0	0	0	0	0	0	0	0	0	0	2	0	0	0	0	0	0	0	1	0	0	0	0	0	0	0	0	0	0	0
OTU_197	373	0	105	0	0	0	0	3	1	0	0	0	0	2	0	0	0	0	0	2	0	1	1	1	0	0	0	0	0	2	2	0	0	0	1	0	0	0	0	0	0	0	0	0	0	0	0	0	0	0	348
OTU_198	1	0	0	0	0	0	0	0	0	0	1	0	0	0	1	9	16	72	86	52	37	32	54	12	53	0	37	9	62	0	31	46	2	48	10	0	13	16	0	4	46	49	26	0	0	0	0	0	0	0	0
OTU_199	0	810	0	0	0	0	0	0	0	0	0	0	0	0	0	0	0	1	0	0	0	0	0	0	0	0	0	0	1	0	0	2	1	0	0	0	0	0	0	0	0	0	1	0	1	0	1	0	0	0	0
OTU_200	0	0	0	0	0	9	0	2	10	0	53	0	18	1	3	20	35	49	11	39	34	27	11	15	12	6	9	35	21	1	5	12	13	10	5	0	13	30	6	1	17	16	11	23	19	31	52	39	78	0	0
OTU_201	429	0	288	0	0	0	0	0	0	0	0	0	0	0	0	0	0	0	0	0	0	1	1	1	0	0	0	0	0	0	0	1	0	0	0	0	0	0	2	0	0	0	0	0	0	0	0	0	0	3	65
OTU_202	0	1	0	0	0	0	15	12	0	2	1	0	2	44	102	5	11	4	4	8	8	2	0	3	2	4	15	6	4	1	1	1	1	0	142	1	5	7	1	1	1	5	5	109	46	118	68	18	1	0	0
OTU_203	613	1	3	31	0	0	0	0	16	0	1	0	1	0	0	0	0	0	1	1	0	0	1	0	0	0	6	0	3	0	0	1	0	1	7	0	0	0	0	0	0	0	11	0	0	0	2	0	0	0	69
OTU_204	0	0	0	164	0	0	0	0	129	1	1	0	0	0	0	0	0	0	0	0	0	0	0	0	0	0	0	0	0	0	0	0	0	0	0	0	0	0	0	0	0	0	0	1	0	2	2	1	1	1	460
OTU_205	0	0	431	0	0	2	0	1	0	0	0	0	2	0	0	27	43	11	9	35	19	8	16	11	7	5	6	18	21	0	6	14	9	6	2	1	11	6	8	1	3	7	14	0	0	0	0	0	0	0	0
OTU_206	0	0	0	2	7	8	2	0	1	83	0	0	0	1	0	19	12	20	35	5	4	3	9	12	48	3	19	12	11	0	0	23	1	3	12	64	28	14	24	46	7	27	16	77	4	2	31	50	13	0	0
OTU_207	0	0	0	10	12	8	12	18	31	2	16	5	19	22	24	10	26	21	10	23	10	10	20	0	6	2	7	13	5	0	6	9	7	5	9	3	5	9	4	0	4	8	6	38	41	135	20	23	78	0	0
OTU_208	0	0	0	0	1	0	10	30	0	2	0	0	0	40	14	7	7	7	2	9	7	1	1	4	6	6	1	3	2	2	1	6	1	2	3	2	1	3	3	0	2	6	1	140	104	75	51	40	140	0	0
OTU_209	2	0	0	1	0	2	17	28	4	3	0	67	1	29	25	8	57	21	4	21	24	5	16	15	14	4	18	38	22	3	3	11	10	6	5	0	3	16	18	4	10	10	10	12	11	65	38	2	54	0	0
OTU_210	634	91	0	0	0	0	1	1	0	0	0	0	0	0	1	0	0	0	0	0	0	0	0	0	0	0	0	0	0	0	0	0	0	0	0	0	0	0	0	1	0	0	0	0	0	0	0	1	1	0	0
OTU_211	0	0	0	2	0	0	20	32	0	0	0	70	1	111	20	13	9	26	17	19	11	5	18	56	25	18	35	36	4	0	7	39	13	27	10	0	16	9	15	1	21	8	15	1	0	1	0	0	0	0	0
OTU_212	0	0	0	0	2	0	0	0	0	1	0	1	0	1	2	0	0	0	0	0	1	1	1	0	0	0	0	0	1	2	1	0	0	0	0	0	0	0	0	0	0	0	0	0	0	0	0	0	2	712	0
OTU_213	0	2	0	212	32	7	1	0	333	136	1	0	0	0	0	0	0	0	0	0	0	0	0	0	0	0	0	0	0	1	0	1	0	0	0	0	0	0	0	0	0	0	0	0	0	0	0	0	0	0	0
OTU_214	0	2	0	34	65	51	10	3	21	14	37	32	28	60	112	0	3	2	1	2	0	0	2	0	2	1	1	0	0	2	0	1	2	2	0	1	0	1	0	0	0	0	2	39	30	27	34	82	20	0	0
OTU_215	0	0	1	0	0	0	0	0	0	0	0	0	0	0	0	13	14	13	22	53	8	33	17	6	28	14	37	7	24	2	24	30	9	11	10	90	11	47	23	13	51	19	20	9	10	8	18	15	13	0	0
OTU_216	0	2	0	0	0	0	0	0	0	0	0	0	0	0	0	1	7	5	0	0	5	5	18	49	478	61	0	2	11	1	4	4	11	3	18	1	9	0	1	2	3	14	7	0	0	0	0	0	0	0	0
OTU_217	0	2	0	0	0	0	64	116	1	0	0	1	0	6	0	16	6	2	0	3	3	0	38	11	0	91	5	5	102	0	0	0	0	0	0	1	20	2	23	0	1	2	2	86	46	60	1	1	0	0	0
OTU_218	0	0	0	9	29	5	8	19	27	0	3	15	7	14	11	14	16	23	12	28	11	8	18	13	19	12	2	54	12	1	4	64	21	39	2	0	12	1	3	48	20	42	8	23	11	5	1	1	18	0	0
OTU_219	0	15	631	1	0	0	0	0	2	0	0	0	0	0	0	3	0	1	0	0	0	0	0	0	0	1	2	1	0	0	0	1	1	0	0	0	0	1	1	1	0	1	0	4	0	0	2	1	4	27	2
OTU_220	694	0	0	0	0	0	0	0	2	0	1	0	1	0	0	0	0	1	0	2	0	0	0	0	0	0	0	0	0	0	0	0	0	0	0	0	0	0	0	0	0	0	0	0	0	1	0	0	0	0	0
OTU_221	0	0	0	2	0	0	3	0	0	0	1	0	0	2	1	33	49	19	18	50	28	27	21	13	10	38	33	36	31	0	12	76	17	9	6	12	32	11	26	28	14	16	19	1	1	0	1	0	0	0	0
OTU_222	1	0	0	5	27	5	4	11	2	2	5	0	1	0	1	5	6	3	5	3	6	1	0	2	18	46	13	2	37	4	8	0	1	2	0	0	5	0	0	0	3	2	2	20	19	31	339	20	25	0	0
OTU_223	0	2	1	41	29	29	57	79	3	12	27	4	31	11	22	11	2	3	10	2	9	10	2	15	4	4	6	2	13	0	3	11	2	3	1	1	1	3	3	3	1	1	8	76	40	36	15	41	0	1	0
OTU_224	0	0	259	0	2	1	0	0	0	0	0	1	0	0	0	0	0	0	1	0	0	0	0	0	0	1	0	0	2	0	0	0	0	0	1	0	0	0	0	0	0	0	0	3	0	2	1	0	1	0	416
OTU_225	1	2	0	2	0	1	0	5	2	1	0	7	0	16	1	24	62	14	12	73	54	24	6	21	2	14	32	31	13	11	17	28	20	15	2	5	18	17	4	11	9	9	17	3	14	19	20	8	22	0	0
OTU_226	577	0	0	0	0	0	0	0	0	0	0	0	0	0	0	0	8	5	1	8	2	6	3	7	6	8	4	2	3	1	2	2	1	4	0	3	2	8	2	2	6	5	1	2	0	2	2	1	0	0	0
OTU_227	20	41	40	11	23	15	14	3	4	11	12	10	10	25	17	6	1	22	5	20	18	23	14	11	5	9	10	11	21	26	16	5	7	9	10	18	14	10	12	5	4	17	7	0	0	1	0	2	78	2	0
OTU_228	0	0	0	0	17	15	11	16	3	1	5	9	1	10	8	17	24	66	48	15	16	13	48	13	16	15	22	19	6	1	5	0	2	1	24	0	11	15	24	1	25	47	11	7	8	8	16	17	10	1	0
OTU_229	0	0	0	0	1	0	35	25	0	0	0	40	1	56	27	9	28	6	23	2	13	2	17	29	13	66	21	3	9	0	0	40	11	12	6	4	12	101	4	1	13	20	8	0	0	0	0	2	0	0	0
OTU_230	0	0	0	0	2	0	0	0	0	0	1	2	1	0	0	0	0	0	0	0	0	0	0	0	0	0	0	0	0	1	0	0	0	0	2	0	0	0	1	0	0	0	0	86	399	118	0	38	0	0	0
OTU_231	0	0	0	14	4	7	9	11	1	1	26	3	1	62	36	11	24	26	10	31	42	16	6	11	10	10	10	27	3	2	19	19	11	14	5	0	13	8	5	6	17	6	11	17	10	20	5	21	25	0	2
OTU_232	0	0	0	82	30	26	137	245	6	1	8	1	15	11	56	22	0	0	1	1	0	0	0	0	0	0	0	0	0	0	0	0	0	0	0	0	0	0	0	0	0	0	0	0	0	0	0	1	0	0	0
OTU_233	631	0	0	2	0	0	0	0	0	0	0	0	0	0	0	0	0	0	0	0	0	0	0	0	0	0	0	1	2	0	0	0	1	0	0	0	0	1	0	0	0	0	0	0	0	1	0	0	0	0	0
OTU_234	2	0	0	2	13	10	41	94	1	0	12	17	2	50	15	9	8	3	1	5	6	5	1	5	6	4	3	3	8	29	0	5	1	3	1	0	2	3	1	1	4	3	2	13	32	125	13	15	51	0	0
OTU_235	0	0	2	2	2	1	0	2	3	1	0	4	0	2	1	13	22	26	52	70	23	16	40	3	25	1	19	56	15	0	11	13	14	11	26	8	15	24	4	0	29	12	10	1	4	4	15	4	11	0	0
OTU_236	1	1	0	0	0	0	0	0	6	0	0	0	1	0	1	6	0	7	1	34	1	2	0	8	196	24	0	18	8	5	5	7	0	2	1	3	0	40	4	190	8	9	27	0	0	0	0	0	0	0	0
OTU_237	11	121	1	24	52	34	5	16	2	1	3	1	1	15	0	8	44	32	5	7	19	15	18	10	2	20	8	9	2	1	3	0	3	1	1	0	2	13	5	0	11	8	1	17	24	3	25	4	2	1	0
OTU_238	597	0	0	0	0	0	0	1	0	0	0	0	0	1	0	0	0	0	0	0	0	0	0	0	0	0	0	0	0	0	0	0	0	0	0	0	0	0	0	0	0	0	0	0	0	0	0	0	0	0	0
OTU_239	0	0	0	9	10	5	4	12	4	6	9	5	5	37	19	6	21	22	11	38	17	13	12	9	2	5	1	25	14	48	1	9	6	1	19	1	13	4	9	2	18	8	4	7	16	30	12	10	50	0	0
OTU_240	0	0	0	7	0	1	14	16	0	12	55	12	89	24	8	5	7	8	1	10	4	6	7	10	12	17	13	20	63	1	6	14	5	6	2	0	3	15	3	1	10	4	7	5	12	5	12	39	9	0	0
OTU_241	0	2	0	2	0	0	2	0	0	0	0	0	0	0	0	24	17	57	2	158	0	4	0	0	116	1	8	62	31	0	1	17	0	7	0	0	1	1	1	0	11	0	48	0	0	0	0	0	0	0	0
OTU_242	0	0	1	0	4	3	7	14	1	5	3	0	0	19	37	4	80	19	4	23	6	29	11	14	13	3	16	32	20	0	4	8	9	9	7	0	17	10	10	4	15	8	3	10	20	22	20	17	9	1	0
OTU_243	0	0	0	0	0	0	0	0	0	0	0	0	0	0	0	0	0	0	0	0	0	0	0	0	0	0	1	1	0	0	0	0	0	0	0	0	0	0	0	0	0	0	0	0	0	0	0	0	0	0	567
OTU_244	0	0	0	314	63	112	17	5	0	1	0	0	0	1	1	0	0	0	0	0	0	0	0	0	0	0	0	0	0	0	0	0	0	0	0	0	0	0	0	0	0	0	6	13	19	0	6	9	1	0	0
OTU_245	553	0	0	2	0	0	0	0	0	0	0	0	0	0	0	0	0	0	0	0	1	1	1	1	0	0	0	0	0	0	0	1	0	1	0	0	0	0	0	0	0	0	0	0	0	2	0	0	0	0	0
OTU_246	0	551	0	1	0	0	1	0	0	0	0	0	0	0	0	0	0	0	0	0	0	0	0	0	0	0	0	0	0	0	0	0	0	0	0	0	0	0	0	0	0	0	0	0	0	0	0	0	0	0	8
OTU_247	0	2	0	1	6	4	1	0	3	14	17	3	26	5	2	8	30	26	5	84	32	6	9	5	5	5	10	25	4	60	10	15	6	9	12	5	5	14	6	1	10	16	12	7	6	4	3	2	18	0	0
OTU_248	9	1	1	1	2	0	1	1	2	10	2	1	3	1	3	84	1	8	8	26	117	8	3	23	5	4	0	69	19	1	14	8	3	24	2	1	2	5	5	0	2	29	17	2	6	10	4	0	9	0	0
OTU_249	0	0	0	0	1	0	1	0	0	0	0	1	0	2	4	6	20	21	7	38	83	18	17	39	11	5	17	44	21	0	2	8	18	26	0	1	12	10	13	8	34	26	11	3	2	7	11	6	3	0	0
OTU_250	0	0	0	0	0	0	28	88	0	0	0	2	1	26	52	23	18	23	2	42	20	9	11	2	7	2	3	40	7	0	8	8	10	2	6	2	7	4	2	1	5	8	6	8	20	24	6	4	10	0	0
OTU_251	2	524	0	1	0	0	1	0	0	2	1	0	0	1	1	1	0	0	0	0	0	0	0	0	0	0	0	0	0	2	0	0	0	0	1	0	1	0	1	0	0	1	2	0	0	1	0	0	2	0	0
OTU_252	0	245	0	0	0	0	0	0	0	0	0	0	1	0	0	0	1	0	10	2	0	0	0	0	0	0	0	0	0	0	0	0	0	0	3	0	0	0	0	0	0	0	0	0	0	0	0	0	1	28	250
OTU_253	0	0	0	0	0	0	0	0	0	0	2	0	0	0	0	36	44	65	12	15	25	26	13	14	8	11	17	18	22	0	13	44	16	15	10	0	20	13	22	11	19	7	16	0	0	0	0	0	0	0	0
OTU_254	2	2	2	0	0	1	1	2	0	1	1	2	0	0	1	17	24	13	24	85	14	13	11	23	27	5	36	60	12	0	26	2	7	9	4	5	18	8	25	0	6	6	24	1	1	1	6	0	6	0	0
OTU_255	23	500	1	0	0	0	1	1	0	0	0	0	0	0	0	0	0	0	0	0	0	0	0	0	0	0	0	0	0	0	0	0	0	0	0	0	0	0	0	0	0	0	0	0	0	0	0	0	0	0	0
OTU_256	0	0	0	0	0	1	0	0	0	0	0	0	0	0	0	0	0	1	0	0	0	0	0	0	0	0	0	0	0	0	0	0	0	0	0	0	0	1	0	0	0	0	0	0	0	0	0	0	0	523	0
OTU_257	0	0	0	168	120	52	21	23	0	0	0	0	0	0	0	3	0	0	0	0	0	0	0	0	0	0	0	0	0	0	0	1	0	0	0	0	0	0	0	0	0	0	2	0	0	0	86	50	0	0	0
OTU_258	5	1	1	70	46	32	9	12	38	2	0	0	1	4	2	7	15	19	6	30	8	11	7	6	3	6	5	10	15	1	2	9	2	3	0	2	1	18	6	9	14	7	4	16	8	11	7	4	24	0	0
OTU_259	0	0	0	100	0	1	0	1	390	16	1	2	0	0	2	0	0	0	0	0	0	0	0	1	0	0	0	0	0	2	0	0	0	0	0	0	0	0	0	0	0	0	0	0	0	0	0	0	0	0	0
OTU_260	0	0	1	0	0	0	0	0	0	0	0	0	0	0	0	13	14	111	11	21	15	33	18	21	6	2	24	33	8	0	4	25	6	8	6	0	5	4	5	0	11	14	21	3	7	34	1	0	30	0	0
OTU_261	0	0	497	1	0	0	0	0	0	1	0	0	4	0	0	0	0	0	0	0	0	0	0	0	0	0	0	0	0	0	0	0	0	0	0	0	0	0	0	0	0	0	0	0	0	0	0	0	0	0	0
OTU_262	0	1	3	2	0	0	30	59	1	0	0	0	0	0	0	17	2	17	6	10	9	1	8	3	20	5	14	17	6	2	6	39	2	0	7	6	2	5	12	0	9	5	18	3	8	13	56	75	4	0	0
OTU_263	0	0	1	10	54	11	10	31	0	6	13	0	5	0	0	12	9	1	8	19	3	9	1	3	3	9	3	7	14	20	3	2	4	5	8	1	2	7	0	0	4	7	7	24	17	32	38	23	51	0	0
OTU_264	0	3	0	0	0	2	44	125	0	1	1	86	2	84	63	18	1	1	0	0	1	1	0	0	1	1	2	2	0	5	0	0	1	0	0	0	1	1	0	0	0	2	0	2	1	21	7	3	9	0	0
OTU_265	0	0	0	0	0	0	1	3	0	0	0	25	0	1	6	14	16	26	13	30	23	28	34	24	18	31	22	16	15	1	7	27	17	12	0	3	23	7	6	0	16	3	7	3	0	2	1	6	5	0	0
OTU_266	0	0	0	0	0	0	1	1	0	0	0	0	0	0	0	1	0	198	9	3	10	8	2	2	33	4	1	2	10	0	0	1	0	1	46	0	9	87	32	0	0	4	18	1	0	0	1	0	0	0	0
OTU_267	0	0	0	0	0	0	0	0	0	0	0	0	0	0	0	3	34	2	12	52	10	2	19	11	9	6	12	2	19	0	3	3	7	1	14	2	10	25	0	1	1	5	6	0	0	0	68	142	1	0	0
OTU_268	0	0	0	2	49	3	0	2	3	7	88	11	22	39	50	0	13	3	6	25	15	1	6	1	0	0	12	1	3	0	4	6	2	2	0	3	5	3	3	0	1	1	3	6	7	6	39	8	20	0	0
OTU_269	0	0	2	0	0	0	3	2	0	0	0	17	0	4	17	23	19	24	8	21	18	20	8	13	5	7	13	30	24	0	7	37	4	6	4	19	19	31	17	2	17	19	17	0	0	0	0	0	0	0	0
OTU_270	0	451	0	0	0	0	0	0	1	0	2	0	0	0	1	0	0	0	0	0	0	0	0	0	0	0	0	0	1	0	0	0	0	0	0	0	0	0	0	0	0	0	0	0	0	0	0	0	0	0	18
OTU_271	1	2	0	9	39	13	5	1	1	0	0	2	0	0	0	1	10	0	0	0	26	0	1	13	16	82	13	0	0	0	0	0	1	10	0	0	3	50	0	0	0	0	0	3	0	0	54	102	11	0	1
OTU_272	0	0	0	1	0	1	2	0	0	1	1	1	0	0	0	0	0	0	0	1	0	0	0	0	0	0	0	0	1	0	0	0	0	0	0	0	0	1	0	0	0	0	0	0	0	0	0	0	0	455	0
OTU_273	1	445	0	0	0	0	0	2	0	0	0	1	0	0	0	0	0	0	0	0	0	0	0	0	3	0	0	0	1	1	0	0	0	0	0	1	0	0	0	0	0	0	0	0	0	0	0	0	0	0	0
OTU_274	0	445	0	0	0	0	0	0	1	0	0	0	0	1	0	0	0	0	0	0	0	0	0	0	0	0	0	0	0	0	0	0	0	0	0	0	0	0	0	0	0	0	0	0	0	0	2	0	0	0	1
OTU_275	0	1	0	0	112	0	35	62	0	0	0	0	0	0	0	12	4	7	0	1	1	0	1	10	0	1	1	1	0	29	0	0	0	1	0	0	3	0	1	0	0	2	0	57	31	53	16	7	0	0	0
OTU_276	0	0	0	0	0	0	2	5	0	0	0	0	0	0	0	14	25	45	13	55	1	13	15	0	10	42	48	8	18	0	0	1	0	3	0	3	3	23	5	0	29	15	17	2	3	0	16	12	2	0	0
OTU_277	0	429	0	0	0	1	0	0	0	0	0	0	0	0	0	0	0	0	1	0	0	0	0	0	1	0	1	0	0	0	0	0	0	0	0	0	1	0	0	0	0	0	0	0	0	1	0	0	0	1	0
OTU_278	0	0	0	0	1	0	0	0	0	0	0	0	0	0	0	1	6	107	2	9	2	5	0	3	4	0	25	1	12	0	1	0	0	0	183	0	18	31	0	0	9	10	4	1	0	0	0	0	0	0	0
OTU_279	0	0	0	73	73	24	60	45	64	1	28	0	21	0	0	3	0	7	0	1	2	3	2	1	0	0	4	2	6	1	0	3	0	2	1	1	2	0	1	0	1	2	1	0	0	0	0	0	0	0	0
OTU_280	0	0	0	110	2	1	0	0	49	30	4	0	0	0	0	2	18	26	19	15	16	11	5	15	13	14	6	5	4	0	7	2	11	5	0	0	6	2	7	0	10	10	5	0	0	0	1	2	0	0	0
OTU_281	1	0	424	0	0	0	0	0	0	1	1	0	0	0	0	0	1	0	0	0	0	0	0	0	0	0	0	0	0	0	0	0	0	0	0	0	0	0	0	0	0	0	0	1	1	0	0	1	0	0	0
OTU_282	0	0	0	0	0	0	0	0	0	0	0	0	0	0	0	8	24	181	28	33	0	0	2	0	2	1	0	11	59	1	1	1	1	15	0	0	0	0	0	7	33	0	13	0	1	1	0	0	0	0	0
OTU_283	0	2	0	3	2	5	3	5	2	1	10	1	9	10	3	3	9	13	8	21	8	10	6	14	13	6	9	19	22	0	8	15	10	6	3	10	11	5	2	1	8	12	6	21	15	7	16	12	37	0	0
OTU_284	0	0	0	0	0	0	8	14	0	0	0	11	0	16	7	8	7	3	1	16	15	4	3	16	2	1	1	13	4	0	3	9	3	2	2	11	7	7	2	6	14	6	5	33	19	40	36	20	36	0	0
OTU_285	0	0	0	3	4	2	0	0	94	55	12	24	7	23	23	10	7	9	5	10	1	2	3	1	5	2	1	5	6	0	3	2	1	3	4	3	9	6	9	5	5	12	26	0	3	0	0	1	1	0	0
OTU_286	0	0	0	0	0	0	2	1	0	0	0	1	0	4	0	1	5	2	0	4	5	3	1	1	3	1	3	1	1	0	0	2	3	1	0	1	3	0	0	0	2	1	1	26	51	130	80	27	39	0	0
OTU_287	0	0	0	2	0	0	0	0	0	2	1	0	0	0	0	0	0	0	0	0	0	0	0	0	0	0	0	0	0	0	0	0	0	0	0	0	0	0	0	0	0	0	0	0	0	0	1	0	0	396	0
OTU_288	0	0	0	0	0	0	12	26	1	0	0	0	0	0	0	2	21	5	0	0	0	0	0	0	4	0	0	6	1	0	0	13	0	0	0	0	0	0	0	0	0	0	0	14	37	128	2	49	78	0	0
OTU_289	2	0	1	21	1	3	6	16	101	3	0	1	3	4	2	1	27	7	5	23	8	7	6	4	4	4	3	21	6	4	3	6	3	9	5	1	6	13	6	1	11	1	5	1	3	3	5	3	10	0	0
OTU_290	1	1	1	0	0	0	6	3	1	0	0	3	0	11	13	7	12	13	5	17	17	6	14	12	9	1	5	16	8	6	7	9	3	5	1	2	8	15	8	3	14	3	9	5	13	29	19	10	36	0	0
OTU_291	0	140	0	1	1	1	4	0	1	1	0	0	1	0	0	0	0	0	0	4	1	0	0	0	0	1	0	1	0	0	0	0	0	0	3	4	0	0	1	0	0	0	0	0	0	0	0	0	0	218	0
OTU_292	0	378	0	0	0	0	0	0	0	0	0	0	0	0	0	0	1	0	0	0	0	0	0	0	0	0	0	0	0	0	0	0	0	1	0	0	0	0	0	0	0	0	0	0	0	0	0	0	0	0	2
OTU_293	0	378	0	0	0	0	0	0	0	0	0	2	0	0	0	0	0	0	0	0	1	0	0	0	0	0	0	0	0	0	0	0	0	0	0	0	0	0	0	0	0	0	1	0	0	0	0	0	0	0	0
OTU_294	0	0	0	0	0	0	0	0	0	0	0	0	0	0	0	0	0	0	0	0	0	0	0	0	0	0	0	0	0	0	0	0	0	0	0	0	0	0	0	0	0	0	0	0	0	0	0	0	0	0	376
OTU_295	0	0	0	0	0	0	30	36	0	0	0	3	0	8	0	7	10	4	38	9	7	11	7	8	26	17	13	13	12	1	15	6	2	17	0	13	7	14	11	15	3	1	7	0	0	0	0	0	0	0	0
OTU_296	16	53	0	2	2	2	1	3	1	4	9	5	6	2	1	2	4	4	7	84	3	3	1	0	1	4	2	69	2	2	3	3	0	4	1	1	0	4	0	0	20	7	1	0	8	6	8	0	10	0	0
OTU_297	1	0	0	1	0	0	7	28	0	2	4	8	3	6	31	3	3	1	5	4	2	2	1	1	3	0	0	2	7	16	0	0	0	1	0	0	4	3	1	2	0	2	1	26	66	107	6	7	0	0	0
OTU_298	0	0	0	0	0	0	39	27	1	1	0	28	0	39	3	4	2	0	4	1	0	3	9	6	0	3	5	0	1	0	0	16	1	2	15	3	1	0	2	0	0	0	17	33	19	8	24	32	14	0	0
OTU_299	0	0	0	0	0	0	0	0	0	0	0	0	0	0	0	0	0	0	0	0	0	0	0	0	0	0	0	0	0	0	0	0	0	0	0	0	0	0	0	0	0	0	0	0	0	0	0	0	0	0	359
OTU_300	353	0	0	0	0	0	0	0	0	0	0	0	0	0	0	0	0	0	0	1	0	0	1	0	0	0	0	0	1	0	0	1	0	0	0	0	0	0	0	0	0	0	0	0	0	0	0	0	0	0	0
OTU_301	0	351	0	0	0	0	2	0	0	0	0	0	0	0	0	0	0	0	0	0	0	0	0	0	0	0	0	0	0	0	0	0	0	0	0	0	0	0	0	0	0	0	0	0	0	0	0	0	0	0	3
OTU_302	336	0	1	0	0	1	1	5	2	0	0	0	0	2	0	0	0	0	1	1	0	0	0	0	0	0	0	0	0	0	0	2	0	0	0	0	1	0	0	0	0	0	0	1	0	0	0	0	0	0	0
OTU_303	0	349	0	0	0	0	0	0	0	0	0	0	0	0	0	0	0	0	0	0	0	0	0	0	0	0	0	0	0	0	0	0	0	0	0	0	0	0	0	0	0	0	0	0	0	0	0	0	0	0	0
OTU_304	0	0	0	0	0	0	3	9	0	0	0	0	1	0	0	4	22	7	2	18	7	3	4	4	5	4	6	6	9	0	8	1	9	2	0	1	0	11	1	2	6	4	7	40	32	46	4	7	48	0	0
OTU_305	0	0	0	0	0	0	11	12	0	0	0	0	0	0	0	4	12	8	1	10	8	3	7	17	2	5	4	24	9	1	3	40	13	6	0	2	7	13	5	1	15	22	0	28	12	9	6	11	9	0	0
OTU_306	0	0	2	1	8	2	1	0	3	1	5	23	0	18	13	7	13	12	8	18	14	13	11	6	7	3	20	31	1	0	4	12	2	1	5	6	9	11	6	2	10	23	8	0	0	0	0	0	0	0	0
OTU_307	0	0	331	0	0	1	0	0	0	0	0	0	0	0	2	1	0	0	0	0	0	0	0	0	0	0	1	0	1	0	0	0	0	0	0	0	0	0	0	0	1	0	0	0	0	0	0	1	0	0	0
OTU_308	0	0	0	15	5	30	0	0	63	55	66	0	96	0	7	0	0	0	0	0	0	0	0	0	0	0	0	0	0	0	0	0	0	1	0	0	0	0	0	0	0	0	0	0	0	0	0	0	0	0	0
OTU_309	0	0	0	1	0	0	5	11	0	1	13	3	6	20	28	7	7	20	4	26	8	8	2	4	1	0	4	15	4	3	5	2	2	5	1	34	2	21	1	9	8	0	5	3	6	7	6	1	8	0	0
OTU_310	6	42	0	33	0	0	1	0	33	67	7	0	0	0	1	0	2	0	1	0	0	0	0	0	0	2	0	0	0	1	0	2	1	0	0	0	2	1	1	0	0	0	1	0	4	0	0	1	0	72	43
OTU_311	9	8	0	0	0	0	1	0	2	9	5	2	3	1	2	7	15	26	1	39	27	37	9	9	4	3	12	12	0	1	2	2	4	3	1	3	0	17	2	0	16	9	3	1	1	2	5	0	4	0	0
OTU_312	2	309	0	0	1	1	0	0	0	0	0	0	0	0	0	0	1	1	2	0	0	0	0	0	0	0	0	0	0	0	0	0	0	0	0	0	0	0	0	0	0	0	0	0	0	0	0	0	0	0	0
OTU_313	0	0	0	0	0	0	0	0	306	3	1	0	0	0	0	0	0	0	0	0	0	0	0	0	0	0	1	0	1	0	0	0	0	0	0	0	0	0	0	0	0	0	0	0	0	0	0	0	0	0	0
OTU_314	0	0	0	0	0	0	3	1	0	0	1	3	0	5	4	2	0	1	1	2	0	5	4	0	119	0	1	1	113	13	5	0	5	2	0	0	3	0	0	0	3	0	0	1	1	3	0	2	1	0	0
OTU_315	0	1	0	10	17	25	50	23	0	0	0	0	0	34	0	10	44	1	1	0	0	1	77	0	0	0	0	0	1	0	0	1	1	0	4	0	0	1	0	0	0	0	0	0	0	0	2	0	1	0	0
OTU_316	3	0	0	0	1	1	1	16	1	6	5	10	2	16	6	6	18	14	15	21	9	9	9	4	7	3	8	8	4	3	1	9	1	1	17	2	4	1	2	2	7	4	5	7	3	6	9	3	14	0	0
OTU_317	0	0	0	0	0	0	102	140	0	0	0	5	0	12	7	17	0	0	1	1	1	0	2	1	0	2	2	0	1	0	1	0	0	2	0	0	0	2	0	0	3	1	0	0	0	0	0	0	0	0	0
OTU_318	0	0	0	0	0	0	29	80	0	7	0	7	0	4	3	15	4	24	0	16	5	0	3	1	5	12	2	7	6	0	0	1	1	1	1	3	0	6	7	2	2	2	4	7	10	8	8	4	4	0	0
OTU_319	0	0	0	0	0	0	0	0	0	4	0	0	0	0	0	0	0	0	0	0	0	0	0	0	0	0	0	0	0	0	0	0	0	0	0	2	0	0	0	0	0	0	0	0	0	0	0	0	0	0	292
OTU_320	0	0	0	0	0	2	3	3	0	0	0	0	0	0	0	5	10	1	1	2	13	3	6	38	4	1	10	33	4	0	1	24	6	5	2	0	3	0	15	0	1	12	0	15	2	11	23	18	17	0	0
OTU_321	0	0	286	0	0	0	0	0	0	2	0	0	0	0	0	0	0	0	0	0	0	0	0	0	0	0	0	0	0	2	1	1	0	0	0	0	0	0	0	0	0	0	0	0	0	0	0	1	0	0	0
OTU_322	0	0	0	11	33	33	21	13	0	179	0	0	0	0	0	2	0	0	0	0	0	0	0	0	0	0	0	0	0	0	0	0	0	0	0	0	0	0	0	0	0	0	0	0	0	0	0	0	0	0	0
OTU_323	0	0	0	0	2	2	37	95	2	3	0	2	0	1	2	21	2	32	1	5	0	1	3	2	1	1	3	7	0	1	1	1	7	1	2	0	0	5	2	0	0	2	4	6	5	5	3	2	19	0	0
OTU_324	0	0	0	0	0	0	0	0	0	0	0	0	1	3	2	2	0	13	6	9	17	31	9	5	44	10	36	9	1	0	4	1	5	3	9	0	18	0	6	0	20	8	11	0	0	0	0	0	4	0	0
OTU_325	0	285	0	0	0	0	0	0	0	0	0	0	0	0	0	0	0	0	0	0	0	0	0	0	0	0	0	0	0	0	0	0	0	0	0	0	0	0	0	0	0	0	0	0	0	0	0	0	0	0	0
OTU_326	0	0	0	0	0	0	1	0	0	0	0	1	0	2	1	1	13	7	4	14	17	19	3	14	11	6	23	41	13	3	3	8	7	0	6	4	5	11	6	1	6	17	3	0	0	1	0	0	0	0	0
OTU_327	0	1	0	5	7	0	3	4	11	0	0	5	1	5	2	7	8	2	10	10	1	3	5	1	6	4	10	7	15	0	8	8	3	6	6	11	4	11	6	3	8	5	3	4	10	4	6	22	10	0	0
OTU_328	0	0	0	0	0	0	0	0	0	0	1	0	1	0	0	0	0	0	0	0	0	0	0	0	0	0	0	0	0	0	0	0	0	0	0	0	0	0	0	0	0	0	0	0	0	0	0	0	0	266	0
OTU_329	0	0	0	0	0	0	0	0	0	0	0	0	0	0	0	4	146	0	57	22	1	0	0	0	0	1	12	0	0	1	1	0	0	0	0	0	8	1	5	5	0	0	3	0	0	0	0	0	0	0	0
OTU_330	0	0	0	0	0	2	0	0	0	0	0	0	0	0	0	0	47	3	0	0	10	11	10	1	13	2	8	6	3	4	2	1	10	0	0	1	3	17	7	0	1	1	1	38	43	20	0	1	0	0	0
OTU_331	0	0	0	6	9	5	12	23	0	6	0	13	0	19	56	1	2	1	2	14	1	2	1	2	1	0	1	4	2	0	0	2	4	2	0	1	0	1	1	0	0	0	0	8	13	24	6	6	14	0	0
OTU_332	1	1	253	2	0	0	0	2	0	0	0	0	0	0	0	0	0	0	0	0	0	0	0	0	0	0	0	0	0	0	0	0	1	0	0	0	0	0	0	0	0	1	0	1	0	1	0	0	0	0	0
OTU_333	0	0	0	0	0	0	0	0	0	0	0	0	0	0	0	4	18	17	1	18	11	18	16	20	0	2	21	10	5	0	3	18	11	14	4	1	8	2	8	4	11	10	8	0	0	0	0	0	0	0	0
OTU_334	0	0	0	0	0	0	0	0	1	0	0	0	0	0	0	0	12	1	10	1	1	2	0	12	2	0	4	6	4	0	3	35	2	0	0	7	3	2	7	1	4	11	2	20	19	15	23	19	33	0	0
OTU_335	256	1	0	0	0	0	0	0	0	0	0	0	0	0	0	0	0	0	0	0	0	0	0	0	0	0	0	0	0	0	0	0	0	0	0	0	0	0	0	0	0	0	0	0	0	0	0	0	0	1	0
OTU_336	0	0	0	0	0	0	6	11	0	2	0	3	0	38	7	6	11	2	3	7	4	4	11	1	0	3	3	3	0	3	1	4	0	1	0	0	4	2	0	0	3	1	1	16	15	16	27	6	23	0	0
OTU_337	0	0	0	0	1	0	0	0	0	1	0	1	0	0	1	0	0	0	0	0	0	0	0	0	0	0	0	0	0	0	0	0	0	0	0	0	0	0	0	0	0	0	0	0	0	0	0	0	0	242	0
OTU_338	0	242	0	0	0	0	0	0	0	0	0	0	0	0	0	0	0	0	0	0	0	0	0	0	0	0	0	0	0	0	0	0	1	0	0	0	0	1	0	0	0	0	0	0	0	0	0	0	0	0	0
OTU_339	0	0	0	1	3	0	7	6	0	7	32	15	12	13	88	3	2	5	0	0	2	1	2	1	0	1	0	0	0	1	0	0	0	0	0	1	1	1	1	0	1	1	0	4	0	5	12	8	6	0	0
OTU_340	0	0	0	0	1	0	7	7	0	0	0	180	1	36	8	1	0	0	0	0	0	0	0	0	0	0	0	0	0	0	0	0	0	0	0	0	0	0	0	0	0	0	0	0	0	0	0	0	0	0	0
OTU_341	0	0	2	0	0	0	17	17	0	0	0	61	0	78	62	4	0	0	0	0	0	0	0	0	0	0	0	0	0	0	0	0	0	0	0	0	0	0	0	0	0	0	0	0	0	0	0	0	0	0	0
OTU_342	0	0	0	0	65	2	5	6	3	59	43	13	29	12	0	2	0	0	0	0	0	0	0	0	0	0	0	0	0	0	0	0	0	0	0	0	0	0	0	0	0	0	0	0	0	0	0	0	0	0	0
OTU_343	0	0	0	0	0	0	6	9	0	0	0	0	0	0	0	0	1	32	2	8	45	3	17	2	3	1	5	4	16	0	0	15	3	0	5	0	2	0	6	3	0	5	3	2	0	5	10	22	2	0	0
OTU_344	0	0	0	0	0	1	0	0	0	0	0	0	0	0	0	3	4	10	7	14	5	5	9	16	0	14	19	9	0	0	5	18	15	4	0	0	6	29	4	1	7	19	10	2	0	0	0	0	0	0	0
OTU_345	0	0	0	3	0	0	14	19	2	3	0	21	0	57	9	0	2	25	0	0	0	1	0	8	26	0	0	1	0	4	0	0	0	1	9	0	8	7	4	1	1	6	0	0	0	0	0	0	0	0	0
OTU_346	0	2	0	0	6	0	0	1	0	0	0	0	0	0	0	5	5	4	0	11	8	7	30	32	3	6	14	2	0	0	4	30	21	0	0	0	0	15	7	6	1	8	2	1	0	0	0	0	0	0	0
OTU_347	0	0	0	0	0	0	0	0	0	0	0	0	0	0	0	0	0	0	0	0	0	0	0	0	0	0	0	0	0	0	0	0	0	0	0	0	0	0	0	0	0	0	0	0	0	0	0	0	0	0	230
OTU_348	0	0	0	0	0	0	0	1	0	0	0	0	1	0	0	0	14	0	0	1	2	0	6	0	0	0	0	1	3	0	0	1	0	0	0	0	2	0	4	0	3	2	1	4	18	123	14	6	22	0	0
OTU_349	0	2	0	0	0	0	0	1	0	0	0	0	1	0	0	19	12	0	15	6	0	0	2	1	0	5	0	0	0	5	2	6	2	5	0	1	5	0	3	46	15	28	42	0	0	0	0	4	0	0	0
OTU_350	0	0	0	0	0	0	0	0	0	0	0	0	0	0	0	16	11	9	10	18	63	2	13	7	8	1	3	18	0	0	0	0	4	8	4	1	4	0	8	0	3	7	0	0	3	5	0	0	0	0	0
OTU_351	0	0	0	0	0	0	3	2	0	0	0	6	0	1	0	2	65	2	0	4	9	1	26	2	2	29	0	2	7	0	0	21	0	0	0	0	0	6	5	0	3	1	2	5	9	2	5	2	2	0	0
OTU_352	0	0	0	0	0	0	0	0	0	0	1	0	0	0	0	0	0	0	0	0	0	0	0	0	0	0	0	0	0	0	0	0	0	0	0	0	0	1	0	0	0	0	0	0	0	0	0	0	0	0	222
OTU_353	0	0	0	0	0	0	0	0	0	0	0	0	0	0	0	0	0	0	0	0	0	0	0	0	0	0	0	0	0	0	0	0	0	0	0	0	0	0	0	0	0	0	0	0	0	0	0	0	0	0	223
OTU_354	0	0	0	0	0	0	17	26	0	0	0	0	0	0	0	3	55	0	7	21	21	0	0	2	0	0	2	1	1	0	3	0	2	1	0	2	0	43	0	0	0	1	3	0	0	0	0	0	1	0	0
OTU_355	0	0	0	0	0	0	0	0	0	0	0	0	0	0	0	0	0	0	0	0	0	0	0	0	0	0	0	0	0	0	0	0	0	0	0	0	0	0	0	0	0	0	0	0	0	0	0	0	0	0	212
OTU_356	0	0	0	0	0	0	0	0	0	1	0	0	0	0	0	4	6	0	2	8	10	10	38	6	15	0	12	20	1	0	0	12	9	1	0	0	0	22	5	1	1	7	11	0	3	1	2	0	4	0	0
OTU_357	0	0	0	0	0	0	0	0	0	0	0	0	0	0	0	1	8	0	0	4	4	0	1	2	0	1	2	3	1	0	0	0	3	1	1	0	8	0	3	0	0	0	0	9	11	93	37	16	0	0	0
OTU_358	0	196	0	0	0	0	0	0	0	0	0	0	0	0	0	0	0	0	0	0	1	0	0	1	0	0	0	0	0	0	0	0	0	0	0	1	0	0	0	0	0	0	0	0	0	0	0	0	0	0	0
OTU_359	0	0	0	1	6	2	0	1	0	0	2	0	0	0	0	22	0	1	41	4	11	8	2	17	4	0	1	4	19	0	12	0	0	1	0	0	0	27	0	0	4	1	2	0	0	0	0	0	5	0	0
OTU_360	0	0	0	0	0	0	0	0	0	0	0	0	0	0	0	29	0	3	1	0	1	1	0	9	5	10	5	31	0	0	0	18	1	19	0	0	0	0	37	0	0	20	7	0	0	0	0	0	0	0	0
OTU_361	0	0	0	0	0	0	0	0	0	0	0	0	0	0	0	0	0	0	0	0	0	0	0	0	0	0	0	0	0	0	0	0	0	0	0	0	0	0	0	0	0	0	0	0	0	0	0	0	0	1	195
OTU_362	2	0	0	3	0	0	0	0	0	0	1	0	0	0	0	5	4	9	5	14	9	19	12	6	5	3	13	3	13	0	4	27	6	1	1	2	8	3	4	0	3	7	1	0	0	0	0	0	0	0	0
OTU_363	1	145	0	0	0	0	0	2	0	0	0	0	0	1	0	1	9	1	0	0	8	1	0	0	0	1	0	2	0	0	0	1	0	0	0	0	0	0	0	0	3	1	0	5	3	3	1	2	1	0	0
OTU_364	0	0	0	0	0	0	0	0	0	0	0	0	0	0	2	1	0	13	0	4	0	0	10	1	0	2	34	7	5	0	0	6	8	4	0	0	28	0	19	0	14	13	18	2	0	0	0	0	0	0	0
OTU_365	0	0	0	0	0	0	3	5	0	0	0	3	0	3	32	3	12	4	0	0	1	1	2	0	0	0	0	0	0	0	1	2	0	5	1	1	0	0	1	0	4	5	3	3	1	53	6	5	26	0	0
OTU_366	0	0	0	7	19	5	0	6	0	2	16	7	1	7	2	4	6	3	1	5	1	1	4	0	1	1	0	3	0	12	0	1	1	0	0	0	0	2	1	1	1	0	1	7	6	18	12	8	11	0	0
OTU_367	0	0	1	0	0	0	8	18	0	0	0	20	0	38	9	1	1	0	0	0	0	0	0	0	0	0	1	0	0	0	0	0	0	0	0	0	0	0	0	0	0	1	0	15	0	17	0	0	50	0	0
OTU_368	0	0	0	0	0	0	0	0	1	0	0	0	0	0	0	1	5	16	0	7	3	9	5	0	0	11	17	8	1	0	4	8	1	1	7	0	3	48	6	8	2	0	0	0	0	0	0	0	4	0	0
OTU_369	0	0	0	0	0	0	0	0	0	0	0	0	0	0	0	0	0	1	0	1	0	2	0	0	1	0	0	0	0	1	0	0	0	0	0	0	0	0	0	0	0	1	0	29	20	89	15	16	0	0	0
OTU_370	0	0	0	0	0	0	0	0	2	0	0	0	0	0	0	0	0	0	0	0	0	0	0	0	0	0	0	0	0	0	0	0	0	0	0	0	0	0	0	0	0	0	0	0	0	0	0	0	0	0	173
OTU_371	0	0	0	0	0	0	0	0	0	0	0	0	0	0	0	2	3	7	8	7	6	6	6	12	5	4	2	7	5	0	1	23	13	0	0	0	8	1	5	3	5	23	2	0	0	0	0	0	9	0	0
OTU_372	0	170	0	0	0	0	0	0	0	2	0	0	0	0	0	0	0	0	0	0	0	0	0	0	0	0	0	0	0	0	0	0	0	0	0	0	0	0	0	0	0	0	0	0	0	0	0	0	0	0	0
OTU_373	0	1	0	1	0	0	0	0	0	0	0	0	0	0	0	8	6	1	11	5	0	0	3	2	6	15	0	0	0	16	10	10	6	18	0	3	13	0	11	5	5	7	7	0	0	0	0	0	0	1	0
OTU_374	0	0	0	0	0	0	0	0	0	0	0	0	0	0	0	8	5	21	3	1	6	5	13	27	8	7	11	3	9	0	1	11	1	7	2	0	0	0	3	1	6	7	5	0	0	0	0	0	0	0	0
OTU_375	0	0	0	0	0	1	3	3	0	0	0	4	0	5	5	2	3	15	4	13	1	3	2	19	1	7	1	2	9	0	2	6	7	3	2	2	1	2	2	4	1	2	1	4	6	8	3	6	5	0	0
OTU_376	0	0	0	0	0	0	0	0	0	2	0	0	0	0	0	12	8	10	0	30	5	5	3	2	2	6	8	10	3	0	3	8	0	10	5	8	4	0	1	2	2	11	8	0	0	0	0	2	0	0	0
OTU_377	0	0	0	0	0	1	0	0	0	0	0	1	0	0	0	1	0	4	0	3	0	0	0	0	0	0	1	0	0	2	0	0	0	0	4	0	0	1	0	0	0	0	0	0	0	0	0	0	0	150	1
OTU_378	0	0	0	0	0	0	12	18	0	0	0	22	0	46	63	2	0	0	0	0	0	1	0	0	1	0	0	0	0	0	0	2	0	0	0	0	0	0	0	0	1	0	0	0	0	0	0	0	0	0	0
OTU_379	0	0	161	0	0	0	0	1	0	0	0	0	0	0	0	2	0	0	0	0	0	0	0	3	0	0	0	0	0	0	0	0	0	0	0	0	0	0	0	0	0	0	0	0	0	0	0	0	0	0	0
OTU_380	0	0	0	0	0	2	0	3	0	0	0	1	0	0	5	1	12	5	5	20	0	1	4	1	1	0	3	16	3	0	1	4	3	1	1	2	5	3	7	0	10	13	3	1	3	10	7	1	9	0	0
OTU_381	0	0	0	6	48	3	27	41	1	0	11	0	11	9	0	6	0	1	0	0	0	0	0	0	0	0	0	0	0	0	0	0	0	0	0	0	0	0	0	0	1	0	2	0	0	0	0	0	0	0	0
OTU_382	0	0	0	0	0	0	7	2	0	2	14	0	5	0	0	2	5	3	8	1	4	0	4	3	9	5	2	0	5	14	10	5	6	15	3	15	0	2	0	2	0	1	10	1	0	0	0	1	0	0	0
OTU_383	163	0	0	0	0	0	0	0	0	0	0	0	0	0	0	0	0	0	0	0	0	0	0	0	0	0	0	0	0	0	0	0	0	0	0	0	0	0	0	0	0	0	0	0	0	0	0	0	0	0	0
OTU_384	0	156	0	0	1	1	0	0	0	0	1	0	0	0	0	0	0	0	0	0	0	0	0	0	0	0	0	0	0	0	0	0	1	0	0	0	0	0	0	0	0	1	0	0	0	1	0	0	0	0	0
OTU_385	0	0	0	0	0	0	5	9	0	0	0	3	0	22	12	8	7	16	1	5	6	3	1	1	2	3	0	11	5	0	1	2	4	3	4	1	4	8	0	0	2	3	1	3	2	0	2	0	2	0	0
OTU_386	0	161	0	0	0	0	0	0	0	0	0	0	0	0	0	0	0	0	0	0	0	0	0	0	0	0	0	0	0	0	0	0	0	0	0	0	0	0	0	0	0	0	0	0	0	0	0	0	0	0	0
OTU_387	0	0	0	0	0	0	1	1	0	0	0	0	0	0	0	10	2	4	0	5	8	0	1	0	2	0	0	0	3	0	0	0	15	0	15	0	7	4	4	0	12	0	1	0	16	0	35	11	0	0	0
OTU_388	0	0	0	89	27	19	3	5	0	3	4	0	5	0	0	0	0	0	0	0	0	0	0	1	0	0	0	0	0	0	0	0	1	0	0	0	0	0	0	0	0	0	0	0	0	0	0	0	0	0	0
OTU_389	0	0	0	0	2	1	0	2	0	0	0	0	1	0	0	8	6	2	11	19	10	7	1	11	2	1	1	9	4	0	5	1	4	3	0	1	4	13	2	0	7	3	2	1	3	2	0	0	6	0	0
OTU_390	0	0	0	0	0	0	21	76	0	0	0	0	0	2	0	9	1	0	0	1	0	0	0	0	13	0	0	7	0	0	0	1	2	4	0	0	5	0	0	0	2	2	0	0	1	1	0	0	0	0	0
OTU_391	0	0	0	13	10	5	0	0	0	0	0	8	1	27	0	0	0	0	1	0	5	0	0	0	1	0	0	3	0	0	0	0	0	0	1	0	0	0	0	0	0	0	0	13	13	11	26	10	0	0	0
OTU_392	0	0	0	0	0	0	0	0	0	0	0	0	0	0	0	0	0	0	0	0	0	0	2	1	0	0	0	2	0	0	0	1	0	2	0	103	3	13	11	1	4	2	2	0	0	0	0	0	0	0	0
OTU_393	0	0	0	8	44	10	42	34	0	5	0	0	0	0	0	2	0	0	0	0	0	0	0	0	0	0	0	0	0	0	0	0	0	0	0	0	0	0	0	0	0	0	0	0	0	0	0	0	0	0	0
OTU_394	0	0	0	3	4	0	0	3	0	1	1	11	0	5	10	0	0	9	2	0	1	3	1	0	0	1	2	0	2	2	0	1	1	1	1	1	0	2	1	4	0	0	2	7	12	5	11	11	21	0	0
OTU_395	0	0	0	0	0	0	0	0	0	0	0	0	0	0	0	2	0	9	0	8	2	1	4	1	4	0	1	10	1	0	2	6	0	2	0	0	1	0	53	0	6	13	12	1	1	0	0	0	0	0	0
OTU_396	0	0	0	0	0	0	26	27	0	0	0	0	0	0	0	1	2	6	0	2	0	2	3	0	6	1	3	2	0	0	1	6	3	2	0	0	3	1	1	0	0	0	0	8	5	4	11	12	1	0	0
OTU_397	0	0	0	0	0	0	0	6	0	1	2	0	0	3	6	0	1	1	1	2	0	0	0	0	2	2	0	3	7	2	0	0	0	0	0	0	4	1	0	0	0	0	0	24	12	56	2	0	0	0	0
OTU_398	0	0	0	0	0	0	0	0	0	0	0	0	0	0	0	0	0	0	12	4	10	0	0	11	0	3	3	1	0	2	7	0	0	57	0	0	20	2	6	0	0	0	0	0	0	0	0	0	0	0	0
OTU_399	0	0	0	0	0	0	0	0	1	0	0	0	0	0	0	5	1	1	1	5	3	0	1	1	0	0	1	3	2	0	1	2	0	0	0	0	1	3	0	1	2	2	0	8	19	12	27	18	16	0	0
OTU_400	0	0	0	0	0	0	0	0	0	0	0	0	0	0	0	0	0	0	0	0	0	0	0	0	0	0	0	0	0	0	0	0	0	0	0	0	0	0	0	0	0	0	0	0	0	0	0	0	0	0	136
OTU_401	0	0	0	0	0	0	27	46	0	0	0	0	1	0	0	5	0	4	0	2	0	0	0	0	0	0	0	0	0	1	1	1	1	1	0	0	0	1	2	0	0	0	2	17	5	9	4	3	2	0	0
OTU_402	0	0	0	0	0	0	0	1	0	0	0	0	0	0	0	1	7	6	0	8	2	0	2	1	4	0	1	6	3	0	4	3	0	0	0	1	3	1	0	3	5	3	5	23	7	13	6	3	12	0	0
OTU_403	0	0	0	0	0	0	0	0	0	0	0	0	0	0	0	4	1	6	3	14	5	5	0	1	2	2	2	6	3	2	0	4	1	0	0	0	3	0	2	1	1	4	1	13	2	16	11	8	11	0	0
OTU_404	0	0	0	0	0	0	0	0	0	1	0	1	0	0	0	0	4	11	0	7	0	3	0	12	0	3	0	0	1	0	0	0	1	0	1	11	0	61	3	0	2	0	12	0	0	0	0	0	0	0	0
OTU_405	0	0	0	0	0	0	0	0	0	0	0	1	0	0	1	7	8	1	3	9	10	5	6	5	4	2	5	4	5	0	7	2	2	4	2	3	7	7	1	5	5	1	11	0	0	0	0	0	0	0	0
OTU_406	0	0	0	2	0	0	0	0	0	1	16	79	2	13	0	0	0	0	1	0	0	0	0	0	0	0	0	0	0	1	0	0	0	0	3	13	0	0	0	0	0	0	0	0	0	0	0	0	0	0	0
OTU_407	0	0	0	0	0	0	0	0	0	0	0	0	0	0	0	23	0	36	9	2	0	0	2	1	0	0	20	18	0	1	0	14	0	1	1	0	1	0	0	0	0	0	0	0	0	0	0	0	0	0	0
OTU_408	0	0	0	0	0	0	0	0	0	0	0	0	0	0	0	0	0	0	0	0	0	0	0	0	0	0	0	0	0	0	0	0	0	0	0	0	0	0	0	0	0	0	0	0	0	0	0	0	0	128	0
OTU_409	0	0	0	0	0	3	0	0	0	0	0	0	0	0	0	2	0	1	0	1	0	0	1	1	0	2	3	6	9	0	1	2	0	1	0	0	0	2	2	0	2	0	3	11	8	3	15	23	23	0	0
OTU_410	0	0	0	0	0	0	0	0	0	0	0	0	0	0	0	0	0	0	0	0	0	0	0	0	0	0	0	0	0	0	0	0	0	0	0	0	0	0	0	0	0	0	0	0	0	0	0	0	0	0	124
OTU_411	0	0	0	1	0	0	4	2	0	0	0	0	0	0	2	1	12	3	2	19	1	8	5	4	0	0	1	10	3	4	3	4	1	1	2	0	1	1	3	2	5	5	2	2	1	5	1	1	0	0	0
OTU_412	0	0	0	55	11	22	3	4	0	0	0	0	0	0	0	0	0	0	0	0	0	0	0	0	0	0	0	0	0	0	0	0	0	0	0	0	0	0	0	0	0	0	5	6	9	0	4	2	0	0	0
OTU_413	0	0	0	0	1	0	0	0	0	0	0	0	1	0	0	0	0	0	0	0	1	0	0	0	2	0	0	0	0	0	0	0	0	0	80	6	12	17	0	0	0	0	0	0	0	0	0	0	0	0	0
OTU_414	0	0	1	0	0	0	0	0	0	0	0	0	0	0	0	7	6	5	0	8	6	3	2	3	1	9	0	12	1	0	0	11	1	1	0	1	1	0	7	3	6	3	0	5	2	1	2	10	0	0	1
OTU_415	1	0	0	0	0	0	0	0	0	0	0	0	0	1	0	3	5	5	2	11	2	1	0	7	1	4	1	4	1	0	1	3	1	2	13	23	2	3	8	3	2	4	3	2	0	0	0	0	0	0	0
OTU_416	118	0	0	0	0	0	0	0	0	0	0	0	0	0	0	0	0	0	0	0	0	0	0	0	0	0	0	0	0	0	0	0	0	0	0	0	0	0	0	0	0	0	0	0	0	0	0	0	0	0	0
OTU_417	0	0	0	0	0	0	0	0	1	0	0	0	0	0	0	0	3	1	0	0	0	0	0	0	0	0	0	0	0	0	0	0	0	0	0	0	0	0	0	0	0	0	0	32	29	5	0	0	43	0	0
OTU_418	0	0	0	4	1	0	0	0	41	9	0	0	0	0	0	7	6	3	2	1	3	0	3	1	2	1	3	2	2	0	1	0	1	1	0	0	7	5	1	6	0	0	1	0	0	0	0	0	0	0	0
OTU_419	0	0	0	0	0	0	0	0	0	0	0	0	0	0	0	7	7	1	3	10	8	9	0	2	7	1	1	17	4	0	2	3	4	0	0	0	6	0	2	0	11	6	3	0	0	0	0	0	0	0	0
OTU_420	0	0	0	0	0	0	6	4	0	0	0	0	0	0	0	0	1	45	1	24	0	0	0	1	0	0	2	0	0	0	5	0	0	5	14	0	0	0	0	0	0	3	0	0	0	0	0	0	0	0	0
OTU_421	0	0	0	0	0	0	0	0	3	1	0	0	0	0	0	2	1	12	0	1	5	0	0	0	0	0	1	0	3	0	1	0	0	0	7	0	0	1	0	61	11	1	0	0	0	0	0	0	0	0	0
OTU_422	0	0	0	3	40	3	37	24	0	0	0	0	0	0	0	1	0	0	0	0	0	0	0	0	0	0	0	0	0	0	0	0	0	0	0	0	0	0	0	0	0	0	0	0	0	0	0	0	0	0	0
OTU_423	0	0	0	0	0	0	0	0	0	0	0	1	0	0	0	5	13	2	0	12	1	9	0	4	3	0	4	14	14	0	8	1	2	0	0	0	6	0	5	0	4	0	0	0	0	0	0	0	0	0	0
OTU_424	0	0	0	0	0	2	0	0	0	0	0	0	1	0	0	1	4	7	6	1	2	5	5	4	2	7	8	3	6	0	3	10	1	3	10	2	2	3	1	0	0	2	6	0	0	0	0	0	0	0	0
OTU_425	0	0	0	0	0	0	24	65	0	0	0	0	0	0	0	8	0	0	0	0	0	0	0	0	0	2	0	0	0	2	0	0	0	0	0	0	0	0	4	0	0	0	0	0	0	0	0	0	0	0	0
OTU_426	0	0	0	0	0	0	0	0	0	0	0	0	0	0	0	8	0	25	1	6	0	0	0	8	0	0	5	7	0	0	4	2	15	3	0	0	5	0	0	0	7	0	3	0	0	2	0	0	0	0	0
OTU_427	0	0	0	0	0	0	0	0	0	0	0	0	0	0	0	0	0	0	0	0	8	2	5	6	11	0	0	0	0	0	0	0	0	0	0	0	0	0	1	0	2	0	4	22	13	12	0	0	15	0	0
OTU_428	0	0	0	0	0	0	0	0	0	0	0	0	0	0	0	0	0	0	0	0	0	0	0	0	0	0	0	0	0	0	0	0	0	0	0	0	0	0	0	0	0	0	0	0	0	0	0	0	0	0	100
OTU_429	0	0	0	6	2	10	1	4	0	1	6	1	9	0	2	1	0	0	0	0	0	0	0	0	0	0	0	0	0	0	0	0	0	0	0	0	0	0	0	0	0	0	0	16	14	7	5	6	9	0	0
OTU_430	0	0	0	0	0	0	0	0	0	0	0	0	0	0	0	1	0	15	3	0	0	9	11	0	6	0	4	0	10	0	2	2	0	3	4	4	3	2	3	0	0	6	11	0	0	0	0	0	0	0	0
OTU_431	0	0	0	0	0	0	0	0	0	0	0	0	0	0	0	3	3	2	0	4	7	1	3	2	0	0	1	11	1	0	1	3	1	2	1	0	1	2	0	0	3	1	2	11	7	7	10	0	9	0	0
OTU_432	0	0	0	0	0	0	7	12	0	0	0	0	0	21	29	6	0	3	0	3	0	0	0	0	0	0	0	0	0	0	0	1	0	0	0	0	0	0	0	0	0	0	0	1	0	0	4	8	4	0	0
OTU_433	0	0	0	0	0	0	0	0	0	0	0	0	0	0	0	5	13	3	2	8	7	0	1	6	2	0	0	3	2	0	3	2	5	5	1	1	0	1	3	2	10	3	7	1	0	1	1	0	0	0	0
OTU_434	1	0	0	1	1	1	2	1	0	1	7	3	8	5	3	0	1	2	1	3	0	1	1	2	2	1	4	1	7	2	0	2	1	2	0	0	1	3	1	0	3	1	2	2	1	5	5	2	3	0	0
OTU_435	0	0	0	0	0	2	0	0	0	0	0	0	0	0	0	0	1	7	11	6	0	2	4	8	10	0	3	1	7	0	2	0	0	1	11	0	2	1	6	2	7	2	0	0	0	0	0	0	0	0	0
OTU_436	0	0	0	0	0	0	0	0	0	0	0	0	0	0	0	0	2	2	0	6	0	0	0	1	1	1	6	0	1	0	0	0	4	1	37	0	4	0	11	1	1	13	4	0	0	0	0	0	0	0	0
OTU_437	0	0	0	0	0	0	0	0	0	0	0	0	0	0	0	4	22	6	0	31	5	0	8	1	3	0	2	8	0	0	1	0	0	0	0	0	1	0	1	0	0	2	0	0	0	0	0	0	0	0	0
OTU_438	0	0	0	0	0	2	1	0	6	0	0	1	4	4	7	1	1	8	1	4	1	0	0	2	1	0	1	2	2	0	0	7	1	3	1	11	0	5	0	4	4	5	4	0	0	0	0	1	0	0	0
OTU_439	0	0	0	0	0	0	0	0	0	0	0	0	0	0	0	0	0	2	3	6	1	0	0	0	1	4	0	0	32	0	0	0	1	0	2	0	2	25	1	0	13	0	0	0	0	0	0	0	0	0	0
OTU_440	0	0	0	0	0	0	0	0	0	1	1	3	0	0	0	8	2	0	1	3	3	5	9	11	3	14	3	0	4	0	0	5	3	0	0	0	1	0	0	0	2	2	3	3	0	2	0	0	1	0	0
OTU_441	0	0	0	0	0	0	0	0	0	0	0	0	0	0	0	1	8	2	2	1	3	30	9	7	0	0	1	0	6	0	0	0	0	11	1	1	0	0	0	0	0	0	9	0	0	0	0	0	0	0	0
OTU_442	0	0	0	4	19	5	1	1	3	5	25	0	24	0	0	0	0	0	0	1	0	0	0	0	0	0	0	0	0	0	0	0	0	0	0	0	0	2	0	0	0	2	0	0	0	0	0	0	0	0	0
OTU_443	0	0	0	0	0	0	0	0	0	0	0	0	2	0	0	0	1	2	0	2	2	0	0	0	3	2	1	1	4	0	0	1	0	0	0	3	0	0	0	0	1	0	2	18	3	2	9	18	14	0	0
OTU_444	0	0	0	0	0	0	0	0	0	0	0	0	0	0	0	0	0	0	0	0	0	0	0	0	0	0	0	0	0	0	0	0	0	0	0	0	0	0	0	0	0	0	0	0	0	0	0	0	0	0	91
OTU_445	0	0	0	5	1	0	1	0	0	3	9	0	0	0	4	2	1	4	0	4	4	2	1	1	1	4	3	6	0	0	2	1	3	0	0	0	3	4	1	1	1	0	1	5	4	4	2	1	2	0	0
OTU_446	0	0	0	4	11	6	0	0	0	0	0	0	0	0	0	0	0	5	1	0	21	4	0	0	0	6	0	0	0	0	0	0	2	2	0	0	0	0	5	0	0	17	1	0	0	0	0	0	0	0	0
OTU_447	0	0	0	0	0	0	8	21	0	0	0	0	0	0	0	1	1	1	0	0	0	0	0	0	6	1	0	1	1	5	0	0	0	0	0	0	0	1	0	0	2	0	2	6	9	4	8	1	6	0	0
OTU_448	0	0	0	2	1	1	1	0	0	1	1	0	0	1	1	1	1	5	5	2	3	12	2	7	4	2	2	4	2	0	0	0	5	0	1	1	0	3	0	0	3	3	5	1	0	1	0	0	1	0	0
OTU_449	0	1	0	0	0	0	0	0	0	1	0	0	0	0	0	0	0	0	0	0	0	0	0	0	0	0	0	0	0	0	0	0	0	0	0	0	0	0	0	0	0	0	0	15	19	14	18	8	8	0	0
OTU_450	0	0	0	0	0	0	2	2	0	0	0	1	0	3	3	2	2	2	3	0	1	2	3	2	0	0	3	0	2	0	4	12	3	1	4	0	1	0	3	0	2	7	4	1	0	0	1	6	1	0	0
OTU_451	0	0	0	0	0	0	0	1	0	0	0	8	0	0	0	0	0	0	0	0	0	0	3	10	0	0	4	20	0	0	0	1	2	0	0	3	0	0	5	0	10	0	0	0	0	0	5	10	0	0	0
OTU_452	1	0	0	0	2	0	0	0	0	0	0	0	0	0	0	5	2	3	3	7	5	4	4	1	3	0	5	3	2	0	3	1	1	4	1	0	2	2	5	1	4	7	0	0	0	0	0	1	0	0	0
OTU_453	0	0	0	0	0	0	0	0	0	0	0	0	0	0	0	1	6	5	0	15	1	3	1	2	6	0	3	7	1	0	0	0	3	0	0	0	4	0	15	1	1	3	3	0	0	0	0	0	0	0	0
OTU_454	0	0	0	9	1	2	16	13	0	0	0	0	0	0	0	2	0	0	1	0	0	0	0	0	0	3	0	0	0	0	0	0	0	0	0	0	0	0	0	0	0	0	0	8	12	2	3	8	0	0	0
OTU_455	0	0	0	4	9	3	0	0	0	1	30	0	32	0	0	0	0	0	0	0	0	0	0	0	0	0	0	0	0	0	0	0	0	0	0	0	0	0	0	0	0	0	0	0	0	0	0	0	0	0	0
OTU_456	0	0	0	0	0	0	0	0	0	0	0	0	0	0	0	1	9	1	0	4	5	1	5	2	3	0	1	0	0	0	2	20	5	7	0	3	1	1	3	0	0	0	4	0	0	0	0	0	0	0	0
OTU_457	0	0	0	0	0	0	0	0	0	0	0	0	0	0	0	0	2	1	0	0	3	2	0	7	0	0	3	16	0	0	2	4	3	1	0	0	1	6	0	3	1	0	0	3	0	1	3	7	8	0	0
OTU_458	0	0	0	0	0	0	0	0	0	0	0	0	0	0	0	0	0	0	0	0	0	0	0	0	0	0	0	0	0	0	0	0	0	0	0	0	0	0	0	0	0	0	0	0	0	0	0	0	0	0	76
OTU_459	0	0	0	0	0	1	0	0	0	1	0	0	0	0	0	0	3	0	2	7	0	0	0	0	0	0	2	0	0	0	1	3	6	41	3	0	0	0	0	0	0	0	4	0	0	0	0	0	0	0	0
OTU_460	0	0	0	0	0	0	0	0	0	0	0	0	0	0	0	2	4	10	11	3	1	0	4	6	5	0	5	3	4	0	0	1	1	1	3	0	1	1	1	0	1	2	3	0	0	0	0	0	0	0	0
OTU_461	0	0	0	4	0	2	0	0	0	1	6	1	1	1	1	0	0	0	0	0	0	0	0	0	0	0	0	0	0	0	0	0	0	0	0	0	0	0	0	0	0	0	0	9	13	9	6	8	10	0	0
OTU_462	0	0	0	0	0	0	0	0	0	0	0	0	0	0	0	2	4	17	0	6	2	0	11	0	1	0	5	8	0	0	1	4	1	3	0	0	0	0	0	3	0	0	1	0	0	0	0	0	0	0	0
OTU_463	0	0	0	0	0	0	0	0	0	0	0	0	0	0	0	5	4	0	3	2	1	2	2	0	0	1	1	1	4	0	2	0	2	2	8	0	0	0	9	11	3	1	5	0	0	0	0	0	0	0	0
OTU_464	0	0	0	1	4	2	0	0	0	0	3	0	1	3	0	0	1	0	10	0	3	1	0	0	0	0	0	2	4	29	0	0	0	0	0	0	0	2	0	0	0	0	0	0	0	0	0	0	0	0	0
OTU_465	0	0	0	0	0	0	0	0	0	0	0	0	0	0	0	1	5	0	0	0	0	9	0	16	2	2	5	3	0	0	3	1	4	4	4	0	1	0	2	0	4	0	0	0	0	0	0	0	0	0	0
OTU_466	0	0	0	0	0	0	0	0	0	0	0	0	0	0	0	1	1	1	1	3	0	1	2	1	3	3	3	4	5	0	2	1	2	0	3	0	4	7	0	0	3	1	2	0	1	1	0	9	0	0	0
OTU_467	0	0	0	0	0	0	0	0	0	0	0	0	0	0	0	0	5	1	0	3	3	4	0	8	18	0	2	4	2	1	3	0	1	0	0	0	5	0	0	0	1	0	4	0	0	0	0	0	0	0	0
OTU_468	0	64	0	0	0	0	0	0	0	0	0	0	0	0	0	0	0	0	0	0	0	0	0	0	0	0	0	0	0	0	0	0	0	0	0	0	0	0	0	0	0	0	0	0	0	0	0	0	0	0	0
OTU_469	0	0	0	0	0	0	0	0	0	0	0	0	0	0	0	0	1	4	0	0	0	1	2	1	1	4	2	0	4	0	0	0	0	0	1	4	1	0	1	1	0	1	1	7	3	1	4	14	5	0	0
OTU_470	1	1	0	0	0	0	0	0	0	0	0	0	0	0	0	0	0	0	0	0	0	0	0	0	0	0	0	0	0	0	0	0	0	0	0	0	0	0	0	0	0	0	0	0	0	0	0	0	0	0	61
OTU_471	0	0	0	0	0	0	2	5	0	0	0	26	0	26	2	1	0	0	0	0	0	0	0	0	0	0	0	0	0	0	0	0	0	0	0	0	0	0	0	0	0	0	0	0	0	0	0	0	0	0	0
OTU_472	0	0	0	0	0	0	0	0	1	0	0	2	0	12	3	1	2	1	2	1	8	1	0	0	1	2	1	6	3	0	0	2	0	0	0	0	3	4	0	0	1	0	0	1	2	0	1	0	0	0	0
OTU_473	0	0	0	0	0	0	5	12	0	0	0	0	0	4	0	5	2	2	2	0	0	0	2	4	0	0	0	1	1	0	0	7	0	1	0	0	1	0	0	0	0	0	0	0	4	0	2	3	3	0	0
OTU_474	0	0	0	6	4	0	0	0	0	9	20	0	22	0	0	0	0	0	0	0	0	0	0	0	0	0	0	0	0	0	0	0	0	0	0	0	0	0	0	0	0	0	0	0	0	0	0	0	0	0	0
OTU_475	0	0	0	0	0	0	0	0	0	0	0	0	0	0	0	0	0	40	6	5	2	0	0	0	0	0	0	1	0	0	0	0	0	0	0	0	0	0	0	0	0	0	0	0	2	0	0	1	0	0	0
OTU_476	0	0	0	0	0	0	29	25	0	0	0	0	0	0	0	3	0	0	0	0	0	0	0	0	0	0	0	0	0	0	0	0	0	0	0	0	0	0	0	0	0	0	0	0	0	0	0	0	0	0	0
OTU_477	2	0	0	0	0	0	0	0	0	0	0	0	0	0	0	1	1	1	3	14	3	0	0	0	1	3	4	5	2	0	2	0	1	2	1	1	3	1	0	0	3	3	0	0	0	0	0	0	0	0	0
OTU_478	0	0	0	2	16	5	19	11	0	0	0	0	0	0	0	3	0	0	0	0	0	0	0	0	0	0	0	0	0	0	0	0	0	0	0	0	0	0	0	0	0	0	0	0	0	0	0	0	0	0	0
OTU_479	0	0	0	3	2	1	0	0	0	6	14	0	22	0	0	0	0	0	1	1	0	0	0	0	0	0	0	0	1	0	0	0	0	0	0	0	0	1	0	0	0	0	0	0	0	0	0	0	0	0	0
OTU_480	0	0	0	0	1	0	0	0	3	1	0	0	0	0	0	0	0	6	5	0	2	1	0	3	4	0	4	0	3	0	2	2	1	1	5	0	1	2	3	0	0	1	1	0	0	0	0	0	0	0	0
OTU_481	0	0	0	0	0	0	0	0	0	0	0	0	0	0	0	0	5	5	6	2	7	1	3	2	0	1	1	7	2	0	1	0	1	2	1	0	1	1	2	0	0	0	0	0	0	0	0	0	0	0	0
OTU_482	0	0	0	0	0	0	0	0	0	0	0	0	0	0	0	0	7	0	4	6	0	1	0	0	0	3	4	3	0	0	0	3	1	1	1	8	0	1	2	0	3	1	0	0	0	1	1	0	0	0	0
OTU_483	0	0	0	0	0	0	0	0	0	0	0	0	0	0	0	0	0	0	2	0	0	9	0	0	0	4	3	6	1	0	0	0	0	4	18	0	0	0	0	0	3	0	0	0	0	0	0	0	0	0	0
OTU_484	0	0	0	0	0	0	0	0	0	0	0	0	1	0	0	0	5	1	0	2	3	4	0	1	2	1	1	2	2	0	1	3	3	3	0	0	4	2	0	0	5	2	1	1	0	0	0	0	0	0	0
OTU_485	0	0	0	3	37	2	3	4	0	0	0	0	0	0	0	1	0	0	0	0	0	0	0	0	0	0	0	0	0	0	0	0	0	0	0	0	0	0	0	0	0	0	0	0	0	0	0	0	0	0	0
OTU_486	0	0	0	0	0	0	0	0	0	0	0	0	0	0	0	0	0	0	0	0	0	0	0	0	0	0	0	0	0	0	0	0	0	0	0	0	0	0	0	0	0	0	0	0	0	0	0	0	0	0	49
OTU_487	0	0	0	0	0	0	0	0	0	0	0	0	0	0	0	0	3	1	0	7	4	1	0	0	0	1	4	2	2	0	0	2	2	2	0	1	0	5	1	0	7	4	0	0	0	0	0	0	0	0	0
OTU_488	0	0	0	0	0	0	0	0	0	0	0	0	0	0	0	5	0	0	0	0	0	5	1	2	1	0	2	0	4	0	0	0	4	1	0	1	4	7	0	7	0	2	3	0	0	0	0	0	0	0	0
OTU_489	0	0	0	0	0	1	0	0	0	0	0	0	0	0	0	0	2	3	5	5	1	3	1	0	1	0	0	1	5	0	1	0	9	2	1	0	0	0	4	0	0	3	1	0	0	0	0	0	0	0	0
OTU_490	0	0	0	0	0	0	0	0	0	0	0	0	0	0	0	0	3	1	1	5	4	13	0	8	0	0	6	1	0	0	1	0	0	0	0	0	1	0	0	0	2	2	1	0	0	0	0	0	0	0	0
OTU_491	0	0	0	0	0	0	0	0	6	10	0	0	0	0	0	0	0	0	0	0	0	0	0	0	0	0	0	0	0	0	0	1	0	5	1	5	0	0	0	8	0	0	12	0	0	0	0	0	1	0	0
OTU_492	0	2	0	1	3	0	0	0	0	2	1	1	0	0	1	0	1	0	0	0	0	0	1	0	2	0	0	1	2	0	0	0	1	0	0	0	0	0	0	0	0	0	0	3	3	5	4	11	3	0	0
OTU_493	0	0	0	0	0	0	0	0	0	0	0	0	0	0	0	1	0	19	1	0	0	0	0	0	0	0	1	0	1	0	0	23	0	0	0	0	0	0	0	0	0	0	0	0	0	0	0	0	0	0	0
OTU_494	0	0	0	0	0	0	0	0	0	0	0	0	0	0	0	1	9	0	1	11	0	6	0	5	2	0	2	3	0	0	0	0	0	0	0	0	2	0	3	0	0	1	0	0	0	0	0	0	0	0	0
OTU_495	0	43	0	0	0	0	0	0	0	0	0	0	0	0	0	0	0	0	0	0	0	1	0	0	0	0	0	0	0	0	1	0	0	0	0	0	0	0	0	0	0	0	0	0	0	0	0	0	0	0	0
OTU_496	1	0	0	2	0	3	2	0	0	0	6	2	1	0	0	0	0	0	0	0	0	0	2	1	0	0	1	0	0	0	0	0	0	0	0	0	0	0	0	0	0	0	0	7	1	2	3	3	7	0	0
OTU_497	0	0	0	0	0	0	0	0	0	0	0	0	0	0	0	0	0	0	0	0	0	0	0	0	0	0	0	0	0	0	0	0	0	0	0	0	0	0	0	0	0	0	0	0	0	0	0	0	0	0	44
OTU_498	0	0	0	0	0	0	0	0	1	0	0	4	0	2	4	0	1	1	2	0	0	0	0	1	4	0	0	1	1	0	0	3	0	1	1	0	0	0	2	0	1	3	2	1	1	0	4	1	2	0	0
OTU_499	0	0	0	0	0	0	0	0	0	0	0	0	0	0	0	0	5	1	3	3	3	6	0	0	1	0	1	2	1	0	0	0	1	1	2	0	0	0	1	0	6	4	2	0	0	0	0	0	0	0	0
OTU_500	0	0	0	0	0	0	0	0	0	0	2	1	2	0	0	0	0	0	1	0	0	0	0	2	0	0	0	0	0	0	0	0	0	0	0	0	0	1	0	0	0	0	0	5	4	4	6	7	8	0	0
OTU_501	0	0	0	10	4	6	0	0	0	1	6	2	11	1	2	0	0	0	0	0	0	0	0	0	0	0	0	0	0	0	0	0	0	0	0	0	0	0	0	0	0	0	0	0	0	0	0	0	0	0	0
OTU_502	0	0	0	0	0	0	1	0	0	2	1	0	0	0	0	0	0	2	1	11	4	0	0	1	2	0	1	4	0	0	2	0	8	0	0	0	0	0	0	0	2	0	0	0	0	0	0	0	0	0	0
OTU_503	0	0	0	0	0	0	0	0	0	0	0	0	0	0	0	0	3	2	0	5	0	2	0	1	1	4	1	4	1	1	0	3	0	3	0	0	2	1	5	1	0	0	1	0	0	0	1	0	0	0	0
OTU_504	0	0	0	0	0	0	0	2	0	0	0	2	0	0	0	0	3	3	0	4	0	0	0	0	0	3	5	4	0	0	0	0	1	0	0	0	2	1	0	0	2	3	0	1	0	1	3	0	2	0	0
OTU_505	0	0	0	0	0	0	0	0	0	0	0	0	0	0	0	0	0	0	0	0	0	0	0	1	2	0	9	1	0	0	1	0	0	8	8	0	2	1	1	0	0	3	3	0	0	0	0	0	0	0	0
OTU_506	0	0	0	0	0	0	0	0	0	0	0	2	0	1	1	0	0	2	1	5	0	1	0	1	1	0	1	3	3	0	0	1	0	0	1	0	0	4	0	1	1	2	4	0	0	0	2	1	0	0	0
OTU_507	0	0	0	0	0	0	0	0	0	0	0	0	0	0	0	1	0	1	3	1	2	3	3	1	1	0	2	2	1	0	6	2	0	4	0	0	0	0	4	0	0	2	0	0	0	0	0	0	0	0	0
OTU_508	0	0	0	0	0	0	0	0	0	0	0	0	0	0	0	2	0	0	0	3	5	5	0	4	0	0	2	5	2	0	0	1	0	0	0	1	1	1	1	1	0	2	2	0	0	0	0	0	0	0	0
OTU_509	0	0	0	0	0	0	0	0	0	0	0	0	0	0	0	2	0	2	1	1	4	0	1	1	1	3	0	6	1	1	2	2	0	1	0	1	0	1	0	2	4	0	1	0	0	0	0	0	0	0	0
OTU_510	0	0	0	0	0	0	0	0	0	0	0	0	0	0	0	0	0	0	0	0	0	0	0	0	0	0	0	0	0	0	0	0	0	21	0	0	0	0	0	0	0	17	0	0	0	0	0	0	0	0	0
OTU_511	0	0	0	0	0	0	0	1	0	0	0	0	0	0	0	1	2	1	1	5	3	0	0	1	1	2	0	3	0	0	0	0	2	0	0	0	0	2	3	0	3	5	1	0	0	0	0	0	0	0	0
OTU_512	0	37	0	0	0	0	0	0	0	0	0	0	0	0	0	0	0	0	0	0	0	0	0	0	0	0	0	0	0	0	0	0	0	0	0	0	0	0	0	0	0	0	0	0	0	0	0	0	0	0	0
OTU_513	0	0	0	2	5	1	6	5	0	10	1	4	0	1	1	0	0	0	0	0	0	0	0	0	0	0	0	0	0	0	0	0	0	0	0	0	0	0	0	0	0	0	0	0	0	0	0	0	0	0	0
OTU_514	0	0	0	0	0	0	0	0	0	0	0	0	0	2	1	0	4	0	0	13	3	0	1	0	0	0	0	0	0	0	0	0	0	1	1	0	0	3	0	5	0	0	0	0	0	0	0	0	2	0	0
OTU_515	0	0	0	0	0	0	0	0	0	0	0	0	0	0	0	0	3	1	0	1	0	0	3	4	7	0	0	1	5	2	0	2	0	1	0	0	1	0	0	0	3	0	1	0	0	0	0	0	0	0	0
OTU_516	0	0	0	2	0	0	0	0	0	2	0	13	0	8	6	0	0	0	0	0	1	0	0	0	0	0	1	0	0	0	0	0	0	0	0	0	0	0	0	0	0	0	0	2	0	0	0	0	0	0	0
OTU_517	0	0	0	0	0	0	0	0	0	0	0	0	0	0	0	1	0	2	0	1	5	4	0	1	0	0	1	4	0	0	2	1	2	0	0	1	1	3	0	0	1	1	3	0	0	0	0	0	0	0	0
OTU_518	0	0	0	0	0	0	0	0	1	0	0	0	0	0	0	0	1	2	0	1	0	0	1	0	1	2	0	3	0	0	3	2	0	1	0	0	0	1	1	1	4	1	0	1	0	1	2	3	0	0	0
OTU_519	0	0	0	0	17	3	6	7	0	0	0	0	0	0	0	0	0	0	0	0	0	0	0	0	0	0	0	0	0	0	0	0	0	0	0	0	0	0	0	0	0	0	0	0	0	0	0	0	0	0	0
OTU_520	0	0	0	0	0	0	0	0	0	0	0	0	0	0	0	0	0	17	9	0	0	0	0	0	0	0	2	2	0	0	0	1	0	2	0	0	0	0	0	0	0	0	0	0	0	0	0	0	0	0	0
OTU_521	0	0	0	0	0	0	0	0	0	0	0	0	0	0	0	1	6	1	1	1	6	1	1	1	1	1	2	0	0	0	2	0	0	0	1	0	0	0	1	0	3	2	0	0	0	0	0	0	0	0	0
OTU_522	0	0	0	0	0	0	0	0	0	0	0	0	0	0	0	0	0	0	0	0	0	0	0	0	0	0	0	0	0	1	0	0	0	0	0	0	0	0	2	0	0	0	3	14	9	2	0	0	1	0	0
OTU_523	0	0	0	0	0	0	0	0	0	0	0	0	0	0	0	1	7	4	1	0	4	0	0	0	0	3	0	2	0	0	0	0	0	0	0	0	2	0	0	0	1	6	1	0	0	0	0	0	0	0	0
OTU_524	0	0	0	0	0	0	0	0	0	0	0	0	0	2	0	0	1	0	4	4	2	0	0	4	0	0	1	1	0	5	1	1	0	0	0	0	0	0	3	0	0	1	0	0	0	0	0	0	2	0	0
OTU_525	0	0	0	0	0	0	0	0	0	0	0	0	0	0	0	0	0	0	1	1	0	0	0	0	0	0	1	1	0	0	0	23	0	0	0	0	0	2	1	0	0	1	0	0	0	0	0	0	0	0	0
OTU_526	0	0	0	0	1	0	0	0	0	1	0	0	1	0	0	0	3	0	3	0	0	1	2	0	1	1	1	1	0	0	0	0	0	0	0	0	0	2	1	0	1	1	3	1	0	0	2	2	2	0	0
OTU_527	2	0	0	0	0	0	0	0	0	0	0	0	0	0	0	0	0	13	0	0	0	0	0	0	3	0	0	0	0	0	0	0	0	0	0	0	1	0	12	0	0	0	0	0	0	0	0	0	0	0	0
OTU_528	0	0	0	0	0	0	0	0	0	0	0	0	1	1	0	1	0	0	0	0	0	0	2	0	4	0	0	0	0	0	0	0	0	0	0	0	0	0	0	0	0	1	0	5	4	1	2	2	6	0	0
OTU_529	0	0	0	0	0	0	0	0	0	0	0	0	2	0	0	3	0	0	0	4	2	0	2	1	2	0	0	1	1	0	1	0	2	0	0	0	0	0	1	0	1	4	2	1	0	0	0	0	0	0	0
OTU_530	0	0	0	1	2	1	0	0	0	3	1	0	2	0	0	1	1	1	2	0	0	0	2	0	3	0	0	1	2	0	0	1	0	0	0	0	0	0	0	0	0	4	0	0	0	2	0	0	0	0	0
OTU_531	0	0	0	0	0	0	0	0	0	0	0	0	0	0	0	0	0	1	0	0	0	1	3	2	0	0	0	7	2	0	2	2	0	5	0	0	0	1	0	0	0	2	2	0	0	0	0	0	0	0	0
OTU_532	0	0	0	0	0	0	0	0	0	0	0	0	0	0	0	0	0	0	1	4	3	0	0	1	0	0	0	0	0	0	0	0	8	0	0	0	1	10	1	0	0	0	0	0	0	0	0	0	0	0	0
OTU_533	2	0	0	0	0	1	1	0	1	2	0	1	0	2	0	0	1	0	2	1	0	0	0	0	1	0	5	0	1	0	0	1	0	2	0	0	1	3	0	0	0	0	1	0	0	0	0	0	0	0	0
OTU_534	0	0	0	0	3	1	0	0	0	1	1	0	0	0	0	0	0	0	0	0	0	0	0	0	0	0	0	0	2	2	0	0	0	0	1	0	0	1	0	1	0	0	3	1	5	0	3	0	4	0	0
OTU_535	0	0	0	0	0	0	0	0	0	0	0	2	0	5	5	0	1	0	0	0	0	0	2	0	1	0	0	0	0	0	0	0	0	0	0	0	0	0	0	2	0	0	3	1	0	1	4	2	0	0	0
OTU_536	0	0	0	0	0	0	0	0	0	0	0	0	0	0	0	0	8	3	1	4	3	1	0	0	0	1	1	1	1	0	1	0	0	0	1	0	1	1	0	0	0	0	0	0	0	0	0	0	0	0	0
OTU_537	0	0	0	0	0	0	0	0	0	0	0	0	0	0	0	0	0	8	0	2	5	5	0	0	0	0	0	4	1	0	0	0	0	2	0	0	0	0	0	0	0	0	0	0	0	0	0	1	0	0	0
OTU_538	0	0	0	2	0	0	0	0	0	0	0	0	0	0	0	0	0	1	0	0	0	0	0	0	0	2	0	0	1	2	3	3	4	2	3	1	1	0	2	0	0	0	1	0	0	0	0	0	0	0	0
OTU_539	0	0	0	0	2	0	0	3	0	0	0	0	0	0	0	0	0	0	1	0	0	0	0	0	0	1	0	2	1	0	0	0	0	0	0	0	1	0	1	0	0	2	0	0	0	0	9	5	0	0	0
OTU_540	0	0	0	0	0	0	0	0	0	0	0	0	0	0	0	0	2	1	1	0	4	0	1	4	0	0	0	3	0	0	0	7	0	0	1	0	0	0	0	0	0	0	1	1	0	0	0	0	1	0	0
OTU_541	0	0	0	0	0	0	0	0	0	0	0	0	0	0	0	0	1	5	0	2	2	2	0	1	0	0	2	0	0	0	0	1	3	2	0	0	0	2	0	0	0	4	0	0	0	0	0	0	0	0	0
OTU_542	0	0	0	0	0	0	0	0	0	0	0	0	0	0	0	0	0	0	0	1	0	0	0	4	0	1	4	4	0	0	1	3	1	2	1	0	1	0	0	0	0	1	3	0	0	0	0	0	0	0	0
OTU_543	0	0	0	0	0	0	0	0	0	0	0	0	0	0	0	0	0	0	0	1	0	1	0	0	1	1	0	7	2	0	0	1	1	0	0	1	2	0	4	2	0	0	3	0	0	0	0	0	0	0	0
OTU_544	0	0	0	0	0	0	0	0	0	0	0	0	0	0	0	0	0	0	3	0	1	5	0	0	0	0	2	3	1	0	0	0	0	5	0	0	0	0	1	0	1	1	3	0	0	0	0	0	1	0	0
OTU_545	0	0	0	0	0	0	0	0	0	0	0	0	0	0	0	0	0	0	0	0	0	0	0	0	0	0	0	0	0	24	0	0	0	0	0	3	0	0	0	0	0	0	0	0	0	0	0	0	0	0	0
OTU_546	0	0	0	0	0	0	0	1	0	0	0	0	0	0	0	1	0	3	0	2	3	1	0	0	0	0	0	0	6	0	0	0	0	2	0	0	1	0	0	0	3	0	0	0	1	0	0	0	1	0	0
OTU_547	0	1	0	0	1	1	0	0	0	0	1	2	0	0	2	0	0	0	1	0	0	0	1	1	0	0	1	0	3	0	2	0	0	1	0	0	0	0	0	0	0	0	3	0	1	0	2	0	0	0	1
OTU_548	0	0	0	3	0	3	0	4	0	7	5	0	2	0	0	0	0	0	0	0	0	0	0	0	0	0	0	0	0	0	0	0	0	0	0	0	0	0	0	0	0	0	0	0	0	0	0	0	0	0	0
OTU_549	0	0	0	0	0	0	0	0	1	0	0	0	0	0	0	1	0	1	2	2	1	0	0	1	2	1	0	0	1	0	1	1	0	1	0	0	0	3	1	0	0	1	1	0	0	1	0	1	0	0	0
OTU_550	0	0	0	0	0	0	0	0	0	0	0	0	0	0	0	0	0	0	0	0	0	0	0	0	0	0	0	0	0	0	0	0	0	0	0	0	0	0	0	0	0	0	0	0	0	0	0	0	0	0	24
OTU_551	0	0	0	0	0	0	0	0	0	0	0	0	0	0	0	1	3	2	1	2	0	0	3	0	0	0	0	1	2	0	2	0	0	1	0	0	0	0	1	0	0	2	2	0	0	0	0	0	0	0	0
OTU_552	0	0	0	0	0	0	0	0	0	0	0	0	0	0	0	0	0	1	1	0	1	2	3	0	0	2	0	0	0	0	6	3	1	0	0	0	2	0	0	0	1	0	0	0	0	0	0	0	0	0	0
OTU_553	2	0	0	0	0	0	0	1	0	0	0	0	0	0	0	0	0	0	0	0	0	0	0	0	0	0	0	0	0	11	7	0	0	1	0	0	0	0	0	0	0	0	0	0	0	0	1	0	0	0	0
OTU_554	0	0	0	0	0	0	0	0	0	0	0	0	0	0	0	0	2	0	0	0	0	0	0	0	0	0	0	0	2	0	0	3	0	1	0	0	0	0	0	1	0	0	0	7	4	1	1	0	0	0	0
OTU_555	0	0	0	0	0	0	0	0	0	0	0	0	0	0	0	0	0	0	0	0	0	0	1	0	0	0	9	1	0	0	0	6	3	0	1	0	0	1	0	0	0	0	0	0	0	0	0	0	0	0	0
OTU_556	0	0	0	0	0	0	0	0	0	0	0	0	0	3	0	0	0	0	1	0	1	0	0	1	0	0	0	2	0	0	0	3	0	0	0	0	1	3	1	1	0	1	2	0	1	0	0	1	0	0	0
OTU_557	0	0	0	0	0	0	0	0	0	1	0	0	1	0	0	0	0	1	0	0	0	0	0	0	0	0	0	0	0	0	0	2	0	0	1	0	0	0	0	0	0	0	0	1	1	0	2	7	3	0	0
OTU_558	0	0	0	0	0	0	0	0	0	0	0	0	0	0	0	2	0	2	0	1	0	0	2	0	0	0	2	1	2	0	0	0	0	1	0	0	2	2	1	0	1	0	0	0	0	0	0	0	0	0	0
OTU_559	0	0	0	2	2	0	2	3	0	0	0	0	0	0	0	0	0	0	0	0	0	0	0	0	0	8	0	0	0	2	0	0	0	0	0	0	0	0	0	0	0	0	0	0	0	0	0	0	0	0	0
OTU_560	0	0	0	0	0	3	0	1	0	1	1	0	3	0	10	0	0	0	0	0	0	0	0	0	0	0	0	0	0	0	0	0	0	0	0	0	0	0	0	0	0	0	0	0	0	0	0	0	0	0	0
OTU_561	0	0	0	0	0	0	0	0	0	0	0	0	0	0	0	0	1	0	0	1	1	2	0	0	1	0	0	3	0	0	0	0	6	0	0	0	1	1	0	0	1	0	0	0	0	0	0	0	0	0	0
OTU_562	0	0	0	0	0	0	0	0	0	0	0	0	0	0	1	0	0	2	0	1	1	4	0	0	2	0	0	0	1	0	0	0	1	0	2	0	0	0	0	0	0	0	0	2	0	1	0	0	0	0	0
OTU_563	0	0	0	1	2	2	0	1	0	0	2	0	1	0	0	0	0	0	0	0	0	0	1	0	0	0	0	0	0	0	0	0	0	1	0	0	0	0	0	0	0	0	0	2	1	0	1	2	0	0	0
OTU_564	0	0	0	0	2	0	0	0	0	0	0	0	0	0	0	0	0	0	0	0	2	0	0	0	0	1	1	1	0	0	1	5	1	0	0	0	0	0	0	0	0	0	0	0	0	0	2	0	1	0	0
OTU_565	0	0	0	0	0	0	0	0	0	0	0	0	0	0	0	0	0	0	0	0	0	0	0	0	1	0	0	0	0	0	0	0	0	0	0	0	0	0	0	0	0	0	0	0	3	12	0	0	0	0	0
OTU_566	0	0	0	1	1	0	0	0	0	0	0	0	0	0	0	5	0	0	2	0	3	0	0	0	2	0	0	2	0	0	0	0	0	0	0	0	0	0	0	0	0	0	0	0	0	0	0	0	0	0	0
OTU_567	0	0	0	0	0	0	0	0	0	0	0	0	0	0	0	0	0	0	1	6	0	2	1	0	0	4	0	0	0	0	1	0	0	0	0	0	1	0	0	0	0	0	0	0	0	0	0	0	0	0	0
OTU_568	0	0	0	0	0	0	0	0	0	0	0	0	0	0	0	2	1	0	0	1	0	0	0	0	0	0	0	1	1	0	0	0	3	0	0	0	1	0	3	0	1	0	2	0	0	0	0	0	0	0	0
OTU_569	0	0	0	0	0	0	0	0	0	0	0	0	0	0	0	0	1	0	0	0	0	1	0	0	0	0	0	0	0	0	0	10	2	2	0	0	0	0	0	0	0	0	0	0	0	0	0	0	0	0	0
OTU_570	0	0	0	0	0	0	0	0	0	0	0	0	0	0	0	1	1	0	0	1	0	0	0	0	1	0	1	1	1	0	0	0	0	0	0	0	0	2	0	0	6	0	0	0	0	0	0	0	0	0	0
OTU_571	0	0	0	0	0	0	2	0	0	0	0	0	0	0	0	0	0	1	0	0	1	2	0	0	1	2	0	0	1	0	0	2	0	0	0	0	1	0	0	0	1	0	1	0	0	0	0	0	0	0	0
OTU_572	0	0	0	0	0	0	0	0	2	0	0	0	0	0	0	0	0	0	0	0	0	0	0	1	2	0	1	0	0	0	0	0	0	0	1	0	0	0	0	0	0	1	2	1	2	1	0	0	0	0	0
OTU_573	0	0	0	0	0	0	0	0	0	0	0	0	0	0	0	0	0	0	0	0	0	0	0	0	4	0	0	1	0	0	0	1	1	0	3	0	1	0	0	0	0	0	0	3	0	0	0	0	0	0	0
OTU_574	1	0	1	0	0	0	0	0	7	0	0	2	0	1	0	0	0	0	0	0	0	0	0	0	0	0	0	0	0	0	0	0	0	0	0	0	0	0	0	1	0	0	1	0	0	0	0	0	0	0	0
OTU_575	0	0	0	1	0	0	1	0	0	8	0	3	0	1	0	0	0	0	0	0	0	0	0	0	0	0	0	0	0	0	0	0	0	0	0	0	0	0	0	0	0	0	0	0	0	0	0	0	0	0	0
OTU_576	0	0	0	0	0	1	0	0	0	1	0	1	1	0	0	0	0	0	0	0	0	0	0	0	0	0	0	0	0	0	0	0	0	1	0	0	0	0	0	0	0	0	0	0	2	0	1	5	1	0	0
OTU_577	0	0	0	0	0	0	0	0	0	0	0	0	0	0	0	0	1	1	1	0	0	0	0	0	0	4	0	0	1	0	1	1	0	0	0	0	0	1	0	0	0	0	0	0	1	1	0	0	0	0	0
OTU_578	0	0	0	0	0	0	0	0	0	0	0	0	0	0	0	0	0	0	0	0	1	0	0	4	1	0	0	1	0	0	0	2	2	0	0	0	0	2	0	0	0	0	0	0	0	0	0	0	0	0	0
OTU_579	0	0	0	0	0	0	0	0	0	0	0	0	0	0	0	1	0	0	2	1	0	1	0	0	0	0	0	0	0	0	4	0	0	1	1	0	0	0	1	0	0	0	0	0	0	0	0	0	0	0	0
OTU_580	0	0	0	0	0	0	0	0	0	0	0	0	0	0	0	0	0	0	0	0	1	0	2	1	0	1	0	2	1	0	0	0	0	2	1	0	1	0	0	0	0	0	0	0	0	0	0	0	0	0	0
OTU_581	0	0	0	0	0	0	0	0	0	0	0	0	0	0	0	0	0	0	0	2	0	0	1	0	0	0	0	0	0	0	0	0	0	0	0	0	0	0	0	0	5	0	1	1	0	0	1	0	0	0	0
OTU_582	0	0	0	0	0	0	0	0	0	0	0	0	0	0	0	0	0	0	0	0	0	0	1	0	0	0	0	0	5	0	0	0	0	0	1	0	0	2	1	0	1	0	0	0	0	0	0	0	0	0	0
OTU_583	0	0	0	0	0	0	0	0	0	0	0	0	0	0	0	0	0	2	0	0	0	0	0	0	0	0	0	0	0	0	0	0	0	0	0	0	0	0	0	0	0	0	0	3	2	1	0	1	1	0	0
OTU_584	0	0	0	2	0	0	1	0	0	0	1	0	3	0	0	0	0	0	0	0	0	1	0	0	0	1	0	0	0	0	0	0	0	0	0	0	0	0	0	0	0	0	0	0	0	0	0	1	0	0	0
OTU_585	0	0	0	0	0	0	0	0	0	0	0	0	0	0	0	0	0	0	0	0	0	1	0	1	1	0	0	0	0	0	0	0	0	0	0	0	0	1	0	0	0	0	0	1	0	0	0	3	0	0	0
OTU_586	0	0	0	0	0	0	0	0	0	0	0	0	0	0	0	0	0	0	0	0	3	0	0	0	0	0	0	0	1	0	0	0	0	0	0	2	1	0	0	0	1	0	0	0	0	0	0	0	0	0	0
OTU_587	0	0	0	0	0	1	0	0	0	0	0	0	0	0	0	0	0	2	0	0	1	0	0	0	0	0	0	0	0	0	0	0	2	1	0	0	0	0	0	0	0	0	1	0	0	0	0	0	0	0	0
OTU_588	0	0	0	0	0	0	0	0	0	0	0	0	0	0	0	0	0	0	0	0	0	0	0	0	0	0	0	0	0	0	0	0	1	0	0	0	0	3	0	0	0	3	0	0	0	0	0	0	0	0	0
OTU_589	0	0	0	0	0	0	0	0	0	1	3	0	2	0	0	0	0	0	0	0	0	0	0	0	0	0	0	0	0	0	0	0	0	0	0	0	0	0	0	0	0	0	0	1	0	0	0	0	0	0	0
OTU_590	0	0	0	0	2	0	0	0	2	0	0	0	3	0	0	0	0	0	0	0	0	0	0	0	0	0	0	0	0	0	0	0	0	0	0	0	0	0	0	0	0	0	0	0	0	0	0	0	0	0	0
OTU_591	0	0	0	0	0	0	0	0	0	0	0	0	0	0	0	0	0	0	0	1	0	0	0	0	0	0	0	0	0	0	0	0	0	1	0	0	0	0	1	0	1	0	2	0	0	0	0	0	0	0	0
OTU_592	0	0	0	0	0	0	0	0	0	0	0	0	0	0	0	0	1	1	0	0	0	2	0	0	0	1	0	1	0	0	0	0	0	0	0	0	0	0	0	0	0	0	0	0	0	0	0	0	0	0	0
OTU_593	0	0	0	2	0	0	0	0	0	0	0	0	0	0	0	0	0	0	0	0	0	0	0	0	0	0	0	0	0	3	0	0	0	0	0	0	0	0	0	0	0	0	0	0	0	0	0	0	0	0	0
OTU_594	0	0	0	0	0	0	0	0	0	0	0	0	0	0	0	0	0	0	0	0	0	0	3	0	0	0	0	0	0	0	0	0	0	0	0	0	1	0	0	0	0	0	1	0	0	0	0	0	0	0	0
