OTU	Sample1	Sample2	Sample2	Ctrl1	Ctrl2	Ctrl3	Ref
OTU_1	3486	4657	295	2083	1674	871	2420
OTU_2	9	14	11	8114	4695	8034	2372
OTU_3	4589	3624	10662	72	54	17	17
OTU_4	4	6	7	66	498	296	34
OTU_5	8	7	1	103	223	127	99
OTU_6	9	16	1	7	6	6	353
OTU_7	2969	1266	5262	21	19	10	8
OTU_8	8	92	6	10	3	7	0
OTU_9	10	13	6	1658	974	1655	571
OTU_10	8	7	4	708	993	642	4
OTU_11	4	6	5	9	999	4	6
OTU_12	3	8	14	7	12	6	37
OTU_13	9	5	2	348	494	353	184
OTU_14	7	14	4	50	204	72	48
OTU_15	4	8	5	235	324	154	77
OTU_16	4	0	2	81	93	100	147
OTU_17	12	10	5	21	134	56	167
OTU_18	18	10	5	216	346	493	185
OTU_19	5	7	5	7	6	3	336
OTU_20	7	10	1	97	228	90	49
OTU_21	1588	2285	523	102	250	189	72
OTU_22	3	7	4	265	368	88	284
OTU_23	5	7	6	339	157	202	191
OTU_24	3	55	5	437	934	423	30
OTU_25	8	3	2	2	5	5	20
OTU_26	1	5	4	441	606	812	265
OTU_27	10	5	11	10	9	2	4
OTU_28	3	3	3	2	8	4	2
OTU_29	936	1036	772	4	1	5	1
OTU_30	6	6	4	5	10	4	3
OTU_31	11	3	3	168	190	353	7
OTU_32	5	7	2	259	375	206	19
OTU_33	14	6	4	6	5	2	3
OTU_34	4	3	4	15	60	12	155
OTU_35	1692	3712	2523	2	2	5	2
OTU_36	4	6	6	4	3	4	5
OTU_37	0	9	2	1060	48	420	783
OTU_38	4	2	4	8	5	6	4
OTU_39	315	856	258	9	8	7	8
OTU_40	5	3	2	8	5	1	0
OTU_41	3	6	4	4	1	2	1
OTU_42	2	4	0	464	486	711	82
OTU_43	423	1563	600	3	4	4	5
OTU_44	3	1	0	38	45	44	30
OTU_45	2	4	4	621	253	584	11
OTU_46	2	3	2	176	41	107	57
OTU_47	2	2	0	4	6	9	49
OTU_48	2	4	4	4	5	3	70
OTU_49	1	0	3	101	263	113	93
OTU_50	7	2	2	104	174	36	110
OTU_51	267	3730	2437	7	3	1	1
OTU_52	2	6	6	9	39	82	10
OTU_53	6	4	0	9	42	15	79
OTU_54	3	7	1	127	50	63	11
OTU_55	3	0	6	1797	282	837	1
OTU_56	4	12	7	79	73	65	207
OTU_57	3	0	0	214	8	178	58
OTU_58	4	2	2	8	9	19	1
OTU_59	949	12	1562	2	0	4	5
OTU_60	1	406	450	10	12	1	3
OTU_61	61	1949	1610	3	1	0	2
OTU_62	1	2	0	2	0	2	106
OTU_63	583	1641	617	9	2	1	2
OTU_64	0	1	3	82	36	56	37
OTU_65	1411	2	4	0	5	1	2
OTU_66	2388	1381	442	2	6	6	3
OTU_67	2	5	2	341	175	195	218
OTU_68	3	7	0	3	4	0	2
OTU_69	7	3	3	136	274	118	718
OTU_70	68	1	1	2	1	0	314
OTU_71	4	0	0	3	1	2	15
OTU_72	0	3	3	1	1	3	2
OTU_73	5	3	1	3	41	20	78
OTU_74	199	976	802	4	0	2	1
OTU_75	0	2	2	3	38	27	4
OTU_76	1373	1131	1567	3	3	4	2
OTU_77	0	2	4	48	23	22	25
OTU_78	0	2	1	247	672	164	112
OTU_79	0	0	0	0	0	0	2
OTU_80	1	3	3	436	356	291	234
OTU_81	992	6	654	3	2	1	1
OTU_82	1	7	5	4	8	3	28
OTU_83	0	1	2	4	3	2	0
OTU_84	0	0	3	2	4	2	3
OTU_85	0	3	0	2	10	14	9
OTU_86	6	12	2	5	7	3	2
OTU_87	2	0	2	2	119	25	54
OTU_88	3	0	4	596	1432	205	214
OTU_89	0	96	0	0	40	3	2
OTU_90	1	1	2	5	16	2	7
OTU_91	3	1	1	32	121	67	60
OTU_92	3	3	2	12	60	43	5
OTU_93	4	6	0	3	1	4	3
OTU_94	4	6	1	59	155	41	27
OTU_95	1	3	2	168	452	30	658
OTU_96	0	0	0	5	13	12	22
OTU_97	2	0	1	1	1	1	384
OTU_98	2	2	2	1	1	1	0
OTU_99	2	0	0	10	29	13	79
OTU_100	1	0	3	8	21	10	23
OTU_101	0	0	0	3	2	0	1
OTU_102	0	2	0	165	101	88	38
OTU_103	1364	430	410	3	6	1	0
OTU_104	1	6	0	44	178	84	110
OTU_105	0	0	4	17	20	19	43
OTU_106	2	0	1	900	405	745	41
OTU_107	0	1	1	3	1	1	841
OTU_108	0	0	0	28	15	6	42
OTU_109	2	6	1	3	2	1	0
OTU_110	1	2596	3	4	1	1	5
OTU_111	4	2	1	1457	40	974	2
OTU_112	1	3	2	18	30	13	9
OTU_113	4	3	5	2	2	3	4
OTU_114	0	0	0	3	0	3	0
OTU_115	0	0	1	92	25	10	17
OTU_116	2	1	2	2	5	1	120
OTU_117	0	1	2	2	1	0	0
OTU_118	0	0	0	69	71	38	51
OTU_119	1664	55	2	4	1	16	14
OTU_120	0	6	0	1	0	1	0
OTU_121	0	0	0	4	57	8	4
OTU_122	3	0	0	0	0	0	31
OTU_123	0	0	2	1	0	2	132
OTU_124	0	0	2	18	0	78	8
OTU_125	0	1	0	0	0	0	21
OTU_126	1	1	3	0	0	1	21
OTU_127	86	3	0	3	1	3	2
OTU_128	511	623	1	0	4	24	20
OTU_129	1	0	1308	0	1	1	0
OTU_130	0	4	0	3	4	26	56
OTU_131	2	1	1	2	10	0	1
OTU_132	0	2	0	0	16	0	22
OTU_133	2	2	0	2	64	20	299
OTU_134	3	0	0	57	8	84	173
OTU_135	0	2	0	0	3	0	1
OTU_136	0	1	0	130	167	80	20
OTU_137	0	133	0	34	7	34	12
OTU_138	0	0	2	3	1	1	26
OTU_139	2	0	0	2	1	3	0
OTU_140	13	2	0	0	2	0	70
OTU_141	0	0	0	0	1	0	27
OTU_142	0	1241	585	0	0	0	0
OTU_143	2	0	0	4	0	3	27
OTU_144	13	487	2	0	3	3	53
OTU_145	2	2	2	1	0	0	0
OTU_146	0	992	0	0	2	10	12
OTU_147	0	0	0	32	56	30	47
OTU_148	627	65	1019	2	0	0	1
OTU_149	0	40	35	2	0	3	0
OTU_150	2	0	2	0	0	5	39
OTU_151	2	0	0	0	1	1	0
OTU_152	0	2	0	2	4	6	23
OTU_153	0	1	0	2	0	0	0
OTU_154	4	0	1	4	2	1	77
OTU_155	0	2	0	3	7	5	188
OTU_156	0	4	0	3	0	1	4
OTU_157	0	5	0	2	0	7	10
OTU_158	0	0	0	6	28	8	0
OTU_159	0	0	0	0	0	1	1
OTU_160	0	1	1	0	0	0	5
OTU_161	1301	0	0	1	0	0	1
OTU_162	0	0	3	27	19	13	19
OTU_163	0	159	530	10	18	1	22
OTU_164	0	0	0	83	130	45	20
OTU_165	4	0	0	55	171	55	16
OTU_166	0	0	0	0	1	0	546
OTU_167	0	0	2	1	0	0	0
OTU_168	394	0	0	1	9	4	15
OTU_169	0	0	0	2	1	0	0
OTU_170	0	1	0	0	0	0	24
OTU_171	0	0	0	0	2	0	1
OTU_172	2	494	147	10	12	15	20
OTU_173	0	0	0	0	0	0	0
OTU_174	0	325	0	0	0	0	1
OTU_175	0	3	1	1	5	2	12
OTU_176	0	4	0	3	3	2	13
OTU_177	0	0	0	0	491	448	0
OTU_178	0	1	1	0	0	1	25
OTU_179	0	0	0	9	77	31	45
OTU_180	1	2	0	0	1	0	1
OTU_181	2	2	0	0	2	0	2
OTU_182	2	126	0	0	0	0	1
OTU_183	0	0	0	0	0	0	0
OTU_184	0	0	2	2	22	1	34
OTU_185	4	0	2	0	0	0	129
OTU_186	726	3	1	5	9	6	6
OTU_187	602	367	1	0	0	0	0
OTU_188	0	0	0	0	0	0	14
OTU_189	0	0	0	0	0	0	0
OTU_190	529	350	12	0	0	0	0
OTU_191	1	1	0	17	19	18	1
OTU_192	0	0	0	0	0	0	0
OTU_193	0	0	0	53	63	17	49
OTU_194	0	0	0	91	151	112	33
OTU_195	150	0	489	1	0	0	0
OTU_196	849	0	0	0	0	0	0
OTU_197	373	0	105	0	0	0	0
OTU_198	1	0	0	0	0	0	0
OTU_199	0	810	0	0	0	0	0
OTU_200	0	0	0	0	0	9	0
OTU_201	429	0	288	0	0	0	0
OTU_202	0	1	0	0	0	0	15
OTU_203	613	1	3	31	0	0	0
OTU_204	0	0	0	164	0	0	0
OTU_205	0	0	431	0	0	2	0
OTU_206	0	0	0	2	7	8	2
OTU_207	0	0	0	10	12	8	12
OTU_208	0	0	0	0	1	0	10
OTU_209	2	0	0	1	0	2	17
OTU_210	634	91	0	0	0	0	1
OTU_211	0	0	0	2	0	0	20
OTU_212	0	0	0	0	2	0	0
OTU_213	0	2	0	212	32	7	1
OTU_214	0	2	0	34	65	51	10
OTU_215	0	0	1	0	0	0	0
OTU_216	0	2	0	0	0	0	0
OTU_217	0	2	0	0	0	0	64
OTU_218	0	0	0	9	29	5	8
OTU_219	0	15	631	1	0	0	0
OTU_220	694	0	0	0	0	0	0
OTU_221	0	0	0	2	0	0	3
OTU_222	1	0	0	5	27	5	4
OTU_223	0	2	1	41	29	29	57
OTU_224	0	0	259	0	2	1	0
OTU_225	1	2	0	2	0	1	0
OTU_226	577	0	0	0	0	0	0
OTU_227	20	41	40	11	23	15	14
OTU_228	0	0	0	0	17	15	11
OTU_229	0	0	0	0	1	0	35
OTU_230	0	0	0	0	2	0	0
OTU_231	0	0	0	14	4	7	9
OTU_232	0	0	0	82	30	26	137
OTU_233	631	0	0	2	0	0	0
OTU_234	2	0	0	2	13	10	41
OTU_235	0	0	2	2	2	1	0
OTU_236	1	1	0	0	0	0	0
OTU_237	11	121	1	24	52	34	5
OTU_238	597	0	0	0	0	0	0
OTU_239	0	0	0	9	10	5	4
OTU_240	0	0	0	7	0	1	14
OTU_241	0	2	0	2	0	0	2
OTU_242	0	0	1	0	4	3	7
OTU_243	0	0	0	0	0	0	0
OTU_244	0	0	0	314	63	112	17
OTU_245	553	0	0	2	0	0	0
OTU_246	0	551	0	1	0	0	1
OTU_247	0	2	0	1	6	4	1
OTU_248	9	1	1	1	2	0	1
OTU_249	0	0	0	0	1	0	1
OTU_250	0	0	0	0	0	0	28
OTU_251	2	524	0	1	0	0	1
OTU_252	0	245	0	0	0	0	0
OTU_253	0	0	0	0	0	0	0
OTU_254	2	2	2	0	0	1	1
OTU_255	23	500	1	0	0	0	1
OTU_256	0	0	0	0	0	1	0
OTU_257	0	0	0	168	120	52	21
OTU_258	5	1	1	70	46	32	9
OTU_259	0	0	0	100	0	1	0
OTU_260	0	0	1	0	0	0	0
OTU_261	0	0	497	1	0	0	0
OTU_262	0	1	3	2	0	0	30
OTU_263	0	0	1	10	54	11	10
OTU_264	0	3	0	0	0	2	44
OTU_265	0	0	0	0	0	0	1
OTU_266	0	0	0	0	0	0	1
OTU_267	0	0	0	0	0	0	0
OTU_268	0	0	0	2	49	3	0
OTU_269	0	0	2	0	0	0	3
OTU_270	0	451	0	0	0	0	0
OTU_271	1	2	0	9	39	13	5
OTU_272	0	0	0	1	0	1	2
OTU_273	1	445	0	0	0	0	0
OTU_274	0	445	0	0	0	0	0
OTU_275	0	1	0	0	112	0	35
OTU_276	0	0	0	0	0	0	2
OTU_277	0	429	0	0	0	1	0
OTU_278	0	0	0	0	1	0	0
OTU_279	0	0	0	73	73	24	60
OTU_280	0	0	0	110	2	1	0
OTU_281	1	0	424	0	0	0	0
OTU_282	0	0	0	0	0	0	0
OTU_283	0	2	0	3	2	5	3
OTU_284	0	0	0	0	0	0	8
OTU_285	0	0	0	3	4	2	0
OTU_286	0	0	0	0	0	0	2
OTU_287	0	0	0	2	0	0	0
OTU_288	0	0	0	0	0	0	12
OTU_289	2	0	1	21	1	3	6
OTU_290	1	1	1	0	0	0	6
OTU_291	0	140	0	1	1	1	4
OTU_292	0	378	0	0	0	0	0
OTU_293	0	378	0	0	0	0	0
OTU_294	0	0	0	0	0	0	0
OTU_295	0	0	0	0	0	0	30
OTU_296	16	53	0	2	2	2	1
OTU_297	1	0	0	1	0	0	7
OTU_298	0	0	0	0	0	0	39
OTU_299	0	0	0	0	0	0	0
OTU_300	353	0	0	0	0	0	0
OTU_301	0	351	0	0	0	0	2
OTU_302	336	0	1	0	0	1	1
OTU_303	0	349	0	0	0	0	0
OTU_304	0	0	0	0	0	0	3
OTU_305	0	0	0	0	0	0	11
OTU_306	0	0	2	1	8	2	1
OTU_307	0	0	331	0	0	1	0
OTU_308	0	0	0	15	5	30	0
OTU_309	0	0	0	1	0	0	5
OTU_310	6	42	0	33	0	0	1
OTU_311	9	8	0	0	0	0	1
OTU_312	2	309	0	0	1	1	0
OTU_313	0	0	0	0	0	0	0
OTU_314	0	0	0	0	0	0	3
OTU_315	0	1	0	10	17	25	50
OTU_316	3	0	0	0	1	1	1
OTU_317	0	0	0	0	0	0	102
OTU_318	0	0	0	0	0	0	29
OTU_319	0	0	0	0	0	0	0
OTU_320	0	0	0	0	0	2	3
OTU_321	0	0	286	0	0	0	0
OTU_322	0	0	0	11	33	33	21
OTU_323	0	0	0	0	2	2	37
OTU_324	0	0	0	0	0	0	0
OTU_325	0	285	0	0	0	0	0
OTU_326	0	0	0	0	0	0	1
OTU_327	0	1	0	5	7	0	3
OTU_328	0	0	0	0	0	0	0
OTU_329	0	0	0	0	0	0	0
OTU_330	0	0	0	0	0	2	0
OTU_331	0	0	0	6	9	5	12
OTU_332	1	1	253	2	0	0	0
OTU_333	0	0	0	0	0	0	0
OTU_334	0	0	0	0	0	0	0
OTU_335	256	1	0	0	0	0	0
OTU_336	0	0	0	0	0	0	6
OTU_337	0	0	0	0	1	0	0
OTU_338	0	242	0	0	0	0	0
OTU_339	0	0	0	1	3	0	7
OTU_340	0	0	0	0	1	0	7
OTU_341	0	0	2	0	0	0	17
OTU_342	0	0	0	0	65	2	5
OTU_343	0	0	0	0	0	0	6
OTU_344	0	0	0	0	0	1	0
OTU_345	0	0	0	3	0	0	14
OTU_346	0	2	0	0	6	0	0
OTU_347	0	0	0	0	0	0	0
OTU_348	0	0	0	0	0	0	0
OTU_349	0	2	0	0	0	0	0
OTU_350	0	0	0	0	0	0	0
OTU_351	0	0	0	0	0	0	3
OTU_352	0	0	0	0	0	0	0
OTU_353	0	0	0	0	0	0	0
OTU_354	0	0	0	0	0	0	17
OTU_355	0	0	0	0	0	0	0
OTU_356	0	0	0	0	0	0	0
OTU_357	0	0	0	0	0	0	0
OTU_358	0	196	0	0	0	0	0
OTU_359	0	0	0	1	6	2	0
OTU_360	0	0	0	0	0	0	0
OTU_361	0	0	0	0	0	0	0
OTU_362	2	0	0	3	0	0	0
OTU_363	1	145	0	0	0	0	0
OTU_364	0	0	0	0	0	0	0
OTU_365	0	0	0	0	0	0	3
OTU_366	0	0	0	7	19	5	0
OTU_367	0	0	1	0	0	0	8
OTU_368	0	0	0	0	0	0	0
OTU_369	0	0	0	0	0	0	0
OTU_370	0	0	0	0	0	0	0
OTU_371	0	0	0	0	0	0	0
OTU_372	0	170	0	0	0	0	0
OTU_373	0	1	0	1	0	0	0
OTU_374	0	0	0	0	0	0	0
OTU_375	0	0	0	0	0	1	3
OTU_376	0	0	0	0	0	0	0
OTU_377	0	0	0	0	0	1	0
OTU_378	0	0	0	0	0	0	12
OTU_379	0	0	161	0	0	0	0
OTU_380	0	0	0	0	0	2	0
OTU_381	0	0	0	6	48	3	27
OTU_382	0	0	0	0	0	0	7
OTU_383	163	0	0	0	0	0	0
OTU_384	0	156	0	0	1	1	0
OTU_385	0	0	0	0	0	0	5
OTU_386	0	161	0	0	0	0	0
OTU_387	0	0	0	0	0	0	1
OTU_388	0	0	0	89	27	19	3
OTU_389	0	0	0	0	2	1	0
OTU_390	0	0	0	0	0	0	21
OTU_391	0	0	0	13	10	5	0
OTU_392	0	0	0	0	0	0	0
OTU_393	0	0	0	8	44	10	42
OTU_394	0	0	0	3	4	0	0
OTU_395	0	0	0	0	0	0	0
OTU_396	0	0	0	0	0	0	26
OTU_397	0	0	0	0	0	0	0
OTU_398	0	0	0	0	0	0	0
OTU_399	0	0	0	0	0	0	0
OTU_400	0	0	0	0	0	0	0
OTU_401	0	0	0	0	0	0	27
OTU_402	0	0	0	0	0	0	0
OTU_403	0	0	0	0	0	0	0
OTU_404	0	0	0	0	0	0	0
OTU_405	0	0	0	0	0	0	0
OTU_406	0	0	0	2	0	0	0
OTU_407	0	0	0	0	0	0	0
OTU_408	0	0	0	0	0	0	0
OTU_409	0	0	0	0	0	3	0
OTU_410	0	0	0	0	0	0	0
OTU_411	0	0	0	1	0	0	4
OTU_412	0	0	0	55	11	22	3
OTU_413	0	0	0	0	1	0	0
OTU_414	0	0	1	0	0	0	0
OTU_415	1	0	0	0	0	0	0
OTU_416	118	0	0	0	0	0	0
OTU_417	0	0	0	0	0	0	0
OTU_418	0	0	0	4	1	0	0
OTU_419	0	0	0	0	0	0	0
OTU_420	0	0	0	0	0	0	6
OTU_421	0	0	0	0	0	0	0
OTU_422	0	0	0	3	40	3	37
OTU_423	0	0	0	0	0	0	0
OTU_424	0	0	0	0	0	2	0
OTU_425	0	0	0	0	0	0	24
OTU_426	0	0	0	0	0	0	0
OTU_427	0	0	0	0	0	0	0
OTU_428	0	0	0	0	0	0	0
OTU_429	0	0	0	6	2	10	1
OTU_430	0	0	0	0	0	0	0
OTU_431	0	0	0	0	0	0	0
OTU_432	0	0	0	0	0	0	7
OTU_433	0	0	0	0	0	0	0
OTU_434	1	0	0	1	1	1	2
OTU_435	0	0	0	0	0	2	0
OTU_436	0	0	0	0	0	0	0
OTU_437	0	0	0	0	0	0	0
OTU_438	0	0	0	0	0	2	1
OTU_439	0	0	0	0	0	0	0
OTU_440	0	0	0	0	0	0	0
OTU_441	0	0	0	0	0	0	0
OTU_442	0	0	0	4	19	5	1
OTU_443	0	0	0	0	0	0	0
OTU_444	0	0	0	0	0	0	0
OTU_445	0	0	0	5	1	0	1
OTU_446	0	0	0	4	11	6	0
OTU_447	0	0	0	0	0	0	8
OTU_448	0	0	0	2	1	1	1
OTU_449	0	1	0	0	0	0	0
OTU_450	0	0	0	0	0	0	2
OTU_451	0	0	0	0	0	0	0
OTU_452	1	0	0	0	2	0	0
OTU_453	0	0	0	0	0	0	0
OTU_454	0	0	0	9	1	2	16
OTU_455	0	0	0	4	9	3	0
OTU_456	0	0	0	0	0	0	0
OTU_457	0	0	0	0	0	0	0
OTU_458	0	0	0	0	0	0	0
OTU_459	0	0	0	0	0	1	0
OTU_460	0	0	0	0	0	0	0
OTU_461	0	0	0	4	0	2	0
OTU_462	0	0	0	0	0	0	0
OTU_463	0	0	0	0	0	0	0
OTU_464	0	0	0	1	4	2	0
OTU_465	0	0	0	0	0	0	0
OTU_466	0	0	0	0	0	0	0
OTU_467	0	0	0	0	0	0	0
OTU_468	0	64	0	0	0	0	0
OTU_469	0	0	0	0	0	0	0
OTU_470	1	1	0	0	0	0	0
OTU_471	0	0	0	0	0	0	2
OTU_472	0	0	0	0	0	0	0
OTU_473	0	0	0	0	0	0	5
OTU_474	0	0	0	6	4	0	0
OTU_475	0	0	0	0	0	0	0
OTU_476	0	0	0	0	0	0	29
OTU_477	2	0	0	0	0	0	0
OTU_478	0	0	0	2	16	5	19
OTU_479	0	0	0	3	2	1	0
OTU_480	0	0	0	0	1	0	0
OTU_481	0	0	0	0	0	0	0
OTU_482	0	0	0	0	0	0	0
OTU_483	0	0	0	0	0	0	0
OTU_484	0	0	0	0	0	0	0
OTU_485	0	0	0	3	37	2	3
OTU_486	0	0	0	0	0	0	0
OTU_487	0	0	0	0	0	0	0
OTU_488	0	0	0	0	0	0	0
OTU_489	0	0	0	0	0	1	0
OTU_490	0	0	0	0	0	0	0
OTU_491	0	0	0	0	0	0	0
OTU_492	0	2	0	1	3	0	0
OTU_493	0	0	0	0	0	0	0
OTU_494	0	0	0	0	0	0	0
OTU_495	0	43	0	0	0	0	0
OTU_496	1	0	0	2	0	3	2
OTU_497	0	0	0	0	0	0	0
OTU_498	0	0	0	0	0	0	0
OTU_499	0	0	0	0	0	0	0
OTU_500	0	0	0	0	0	0	0
OTU_501	0	0	0	10	4	6	0
OTU_502	0	0	0	0	0	0	1
OTU_503	0	0	0	0	0	0	0
OTU_504	0	0	0	0	0	0	0
OTU_505	0	0	0	0	0	0	0
OTU_506	0	0	0	0	0	0	0
OTU_507	0	0	0	0	0	0	0
OTU_508	0	0	0	0	0	0	0
OTU_509	0	0	0	0	0	0	0
OTU_510	0	0	0	0	0	0	0
OTU_511	0	0	0	0	0	0	0
OTU_512	0	37	0	0	0	0	0
OTU_513	0	0	0	2	5	1	6
OTU_514	0	0	0	0	0	0	0
OTU_515	0	0	0	0	0	0	0
OTU_516	0	0	0	2	0	0	0
OTU_517	0	0	0	0	0	0	0
OTU_518	0	0	0	0	0	0	0
OTU_519	0	0	0	0	17	3	6
OTU_520	0	0	0	0	0	0	0
OTU_521	0	0	0	0	0	0	0
OTU_522	0	0	0	0	0	0	0
OTU_523	0	0	0	0	0	0	0
OTU_524	0	0	0	0	0	0	0
OTU_525	0	0	0	0	0	0	0
OTU_526	0	0	0	0	1	0	0
OTU_527	2	0	0	0	0	0	0
OTU_528	0	0	0	0	0	0	0
OTU_529	0	0	0	0	0	0	0
OTU_530	0	0	0	1	2	1	0
OTU_531	0	0	0	0	0	0	0
OTU_532	0	0	0	0	0	0	0
OTU_533	2	0	0	0	0	1	1
OTU_534	0	0	0	0	3	1	0
OTU_535	0	0	0	0	0	0	0
OTU_536	0	0	0	0	0	0	0
OTU_537	0	0	0	0	0	0	0
OTU_538	0	0	0	2	0	0	0
OTU_539	0	0	0	0	2	0	0
OTU_540	0	0	0	0	0	0	0
OTU_541	0	0	0	0	0	0	0
OTU_542	0	0	0	0	0	0	0
OTU_543	0	0	0	0	0	0	0
OTU_544	0	0	0	0	0	0	0
OTU_545	0	0	0	0	0	0	0
OTU_546	0	0	0	0	0	0	0
OTU_547	0	1	0	0	1	1	0
OTU_548	0	0	0	3	0	3	0
OTU_549	0	0	0	0	0	0	0
OTU_550	0	0	0	0	0	0	0
OTU_551	0	0	0	0	0	0	0
OTU_552	0	0	0	0	0	0	0
OTU_553	2	0	0	0	0	0	0
OTU_554	0	0	0	0	0	0	0
OTU_555	0	0	0	0	0	0	0
OTU_556	0	0	0	0	0	0	0
OTU_557	0	0	0	0	0	0	0
OTU_558	0	0	0	0	0	0	0
OTU_559	0	0	0	2	2	0	2
OTU_560	0	0	0	0	0	3	0
OTU_561	0	0	0	0	0	0	0
OTU_562	0	0	0	0	0	0	0
OTU_563	0	0	0	1	2	2	0
OTU_564	0	0	0	0	2	0	0
OTU_565	0	0	0	0	0	0	0
OTU_566	0	0	0	1	1	0	0
OTU_567	0	0	0	0	0	0	0
OTU_568	0	0	0	0	0	0	0
OTU_569	0	0	0	0	0	0	0
OTU_570	0	0	0	0	0	0	0
OTU_571	0	0	0	0	0	0	2
OTU_572	0	0	0	0	0	0	0
OTU_573	0	0	0	0	0	0	0
OTU_574	1	0	1	0	0	0	0
OTU_575	0	0	0	1	0	0	1
OTU_576	0	0	0	0	0	1	0
OTU_577	0	0	0	0	0	0	0
OTU_578	0	0	0	0	0	0	0
OTU_579	0	0	0	0	0	0	0
OTU_580	0	0	0	0	0	0	0
OTU_581	0	0	0	0	0	0	0
OTU_582	0	0	0	0	0	0	0
OTU_583	0	0	0	0	0	0	0
OTU_584	0	0	0	2	0	0	1
OTU_585	0	0	0	0	0	0	0
OTU_586	0	0	0	0	0	0	0
OTU_587	0	0	0	0	0	1	0
OTU_588	0	0	0	0	0	0	0
OTU_589	0	0	0	0	0	0	0
OTU_590	0	0	0	0	2	0	0
OTU_591	0	0	0	0	0	0	0
OTU_592	0	0	0	0	0	0	0
OTU_593	0	0	0	2	0	0	0
OTU_594	0	0	0	0	0	0	0
